frequency,V(onoise)
1.000000000000000e-002,4.069201e-009
1.023292992280754e-002,4.069201e-009
1.047128548050899e-002,4.069201e-009
1.071519305237606e-002,4.069201e-009
1.096478196143185e-002,4.069201e-009
1.122018454301963e-002,4.069201e-009
1.148153621496883e-002,4.069201e-009
1.174897554939529e-002,4.069201e-009
1.202264434617413e-002,4.069201e-009
1.230268770812381e-002,4.069201e-009
1.258925411794167e-002,4.069201e-009
1.288249551693134e-002,4.069201e-009
1.318256738556407e-002,4.069201e-009
1.348962882591653e-002,4.069201e-009
1.380384264602884e-002,4.069201e-009
1.412537544622754e-002,4.069201e-009
1.445439770745927e-002,4.069201e-009
1.479108388168207e-002,4.069201e-009
1.513561248436207e-002,4.069201e-009
1.548816618912481e-002,4.069201e-009
1.584893192461113e-002,4.069201e-009
1.621810097358929e-002,4.069201e-009
1.659586907437560e-002,4.069201e-009
1.698243652461744e-002,4.069201e-009
1.737800828749375e-002,4.069201e-009
1.778279410038922e-002,4.069201e-009
1.819700858609983e-002,4.069201e-009
1.862087136662867e-002,4.069201e-009
1.905460717963246e-002,4.069201e-009
1.949844599758045e-002,4.069201e-009
1.995262314968879e-002,4.069201e-009
2.041737944669528e-002,4.069201e-009
2.089296130854039e-002,4.069201e-009
2.137962089502231e-002,4.069201e-009
2.187761623949552e-002,4.069201e-009
2.238721138568339e-002,4.069201e-009
2.290867652767772e-002,4.069201e-009
2.344228815319921e-002,4.069201e-009
2.398832919019489e-002,4.069201e-009
2.454708915685028e-002,4.069201e-009
2.511886431509578e-002,4.069201e-009
2.570395782768862e-002,4.069201e-009
2.630267991895379e-002,4.069201e-009
2.691534803926913e-002,4.069201e-009
2.754228703338164e-002,4.069201e-009
2.818382931264451e-002,4.069201e-009
2.884031503126603e-002,4.069201e-009
2.951209226666382e-002,4.069201e-009
3.019951720402013e-002,4.069201e-009
3.090295432513587e-002,4.069201e-009
3.162277660168375e-002,4.069201e-009
3.235936569296278e-002,4.069201e-009
3.311311214825906e-002,4.069201e-009
3.388441561392020e-002,4.069201e-009
3.467368504525311e-002,4.069201e-009
3.548133892335749e-002,4.069201e-009
3.630780547701008e-002,4.069201e-009
3.715352290971719e-002,4.069201e-009
3.801893963205606e-002,4.069201e-009
3.890451449942799e-002,4.069201e-009
3.981071705534966e-002,4.069201e-009
4.073802778041120e-002,4.069201e-009
4.168693834703347e-002,4.069201e-009
4.265795188015920e-002,4.069201e-009
4.365158322401652e-002,4.069201e-009
4.466835921509623e-002,4.069201e-009
4.570881896148742e-002,4.069201e-009
4.677351412871973e-002,4.069201e-009
4.786300923226374e-002,4.069201e-009
4.897788193684452e-002,4.069201e-009
5.011872336272712e-002,4.069201e-009
5.128613839913638e-002,4.069201e-009
5.248074602497715e-002,4.069201e-009
5.370317963702516e-002,4.069201e-009
5.495408738576234e-002,4.069201e-009
5.623413251903479e-002,4.069201e-009
5.754399373371557e-002,4.069201e-009
5.888436553555877e-002,4.069201e-009
6.025595860743564e-002,4.069201e-009
6.165950018614807e-002,4.069201e-009
6.309573444801918e-002,4.069201e-009
6.456542290346540e-002,4.069201e-009
6.606934480075945e-002,4.069201e-009
6.760829753919802e-002,4.069201e-009
6.918309709189348e-002,4.069201e-009
7.079457843841361e-002,4.069201e-009
7.244359600749882e-002,4.069201e-009
7.413102413009155e-002,4.069201e-009
7.585775750291818e-002,4.069201e-009
7.762471166286897e-002,4.069201e-009
7.943282347242793e-002,4.069201e-009
8.128305161640970e-002,4.069201e-009
8.317637711026686e-002,4.069201e-009
8.511380382023739e-002,4.069201e-009
8.709635899560780e-002,4.069201e-009
8.912509381337429e-002,4.069201e-009
9.120108393559070e-002,4.069201e-009
9.332543007969883e-002,4.069201e-009
9.549925860214331e-002,4.069201e-009
9.772372209558078e-002,4.069201e-009
9.999999999999970e-002,4.069201e-009
1.023292992280751e-001,4.069201e-009
1.047128548050896e-001,4.069201e-009
1.071519305237603e-001,4.069201e-009
1.096478196143182e-001,4.069201e-009
1.122018454301960e-001,4.069201e-009
1.148153621496879e-001,4.069201e-009
1.174897554939526e-001,4.069201e-009
1.202264434617409e-001,4.069201e-009
1.230268770812378e-001,4.069201e-009
1.258925411794163e-001,4.069201e-009
1.288249551693130e-001,4.069201e-009
1.318256738556403e-001,4.069201e-009
1.348962882591649e-001,4.069201e-009
1.380384264602880e-001,4.069201e-009
1.412537544622749e-001,4.069201e-009
1.445439770745922e-001,4.069201e-009
1.479108388168202e-001,4.069201e-009
1.513561248436203e-001,4.069201e-009
1.548816618912476e-001,4.069201e-009
1.584893192461108e-001,4.069201e-009
1.621810097358924e-001,4.069201e-009
1.659586907437555e-001,4.069201e-009
1.698243652461738e-001,4.069201e-009
1.737800828749369e-001,4.069201e-009
1.778279410038916e-001,4.069201e-009
1.819700858609977e-001,4.069201e-009
1.862087136662861e-001,4.069201e-009
1.905460717963240e-001,4.069201e-009
1.949844599758038e-001,4.069201e-009
1.995262314968872e-001,4.069201e-009
2.041737944669521e-001,4.069201e-009
2.089296130854031e-001,4.069201e-009
2.137962089502223e-001,4.069201e-009
2.187761623949543e-001,4.069201e-009
2.238721138568330e-001,4.069201e-009
2.290867652767764e-001,4.069201e-009
2.344228815319912e-001,4.069201e-009
2.398832919019480e-001,4.069201e-009
2.454708915685020e-001,4.069201e-009
2.511886431509570e-001,4.069201e-009
2.570395782768853e-001,4.069201e-009
2.630267991895371e-001,4.069201e-009
2.691534803926904e-001,4.069201e-009
2.754228703338155e-001,4.069201e-009
2.818382931264442e-001,4.069201e-009
2.884031503126593e-001,4.069201e-009
2.951209226666373e-001,4.069201e-009
3.019951720402003e-001,4.069201e-009
3.090295432513577e-001,4.069201e-009
3.162277660168365e-001,4.069201e-009
3.235936569296268e-001,4.069201e-009
3.311311214825896e-001,4.069201e-009
3.388441561392009e-001,4.069201e-009
3.467368504525300e-001,4.069201e-009
3.548133892335738e-001,4.069201e-009
3.630780547700996e-001,4.069201e-009
3.715352290971707e-001,4.069201e-009
3.801893963205594e-001,4.069201e-009
3.890451449942787e-001,4.069201e-009
3.981071705534953e-001,4.069201e-009
4.073802778041107e-001,4.069201e-009
4.168693834703334e-001,4.069201e-009
4.265795188015906e-001,4.069201e-009
4.365158322401638e-001,4.069201e-009
4.466835921509609e-001,4.069201e-009
4.570881896148728e-001,4.069201e-009
4.677351412871959e-001,4.069201e-009
4.786300923226360e-001,4.069201e-009
4.897788193684438e-001,4.069201e-009
5.011872336272698e-001,4.069201e-009
5.128613839913623e-001,4.069201e-009
5.248074602497700e-001,4.069201e-009
5.370317963702500e-001,4.069201e-009
5.495408738576217e-001,4.069201e-009
5.623413251903462e-001,4.069201e-009
5.754399373371539e-001,4.069201e-009
5.888436553555859e-001,4.069201e-009
6.025595860743546e-001,4.069201e-009
6.165950018614789e-001,4.069201e-009
6.309573444801898e-001,4.069201e-009
6.456542290346520e-001,4.069201e-009
6.606934480075923e-001,4.069201e-009
6.760829753919780e-001,4.069201e-009
6.918309709189326e-001,4.069201e-009
7.079457843841339e-001,4.069201e-009
7.244359600749859e-001,4.069201e-009
7.413102413009133e-001,4.069201e-009
7.585775750291794e-001,4.069201e-009
7.762471166286873e-001,4.069201e-009
7.943282347242769e-001,4.069201e-009
8.128305161640945e-001,4.069201e-009
8.317637711026662e-001,4.069201e-009
8.511380382023716e-001,4.069201e-009
8.709635899560756e-001,4.069201e-009
8.912509381337403e-001,4.069201e-009
9.120108393559044e-001,4.069201e-009
9.332543007969856e-001,4.069201e-009
9.549925860214303e-001,4.069201e-009
9.772372209558049e-001,4.069201e-009
9.999999999999940e-001,4.069201e-009
1.023292992280748e+000,4.069201e-009
1.047128548050893e+000,4.069201e-009
1.071519305237600e+000,4.069201e-009
1.096478196143178e+000,4.069201e-009
1.122018454301957e+000,4.069201e-009
1.148153621496876e+000,4.069201e-009
1.174897554939522e+000,4.069201e-009
1.202264434617406e+000,4.069201e-009
1.230268770812374e+000,4.069201e-009
1.258925411794160e+000,4.069201e-009
1.288249551693126e+000,4.069201e-009
1.318256738556399e+000,4.069201e-009
1.348962882591645e+000,4.069201e-009
1.380384264602876e+000,4.069201e-009
1.412537544622746e+000,4.069201e-009
1.445439770745919e+000,4.069201e-009
1.479108388168198e+000,4.069201e-009
1.513561248436199e+000,4.069201e-009
1.548816618912472e+000,4.069201e-009
1.584893192461103e+000,4.069201e-009
1.621810097358920e+000,4.069201e-009
1.659586907437550e+000,4.069201e-009
1.698243652461734e+000,4.069201e-009
1.737800828749364e+000,4.069201e-009
1.778279410038911e+000,4.069201e-009
1.819700858609971e+000,4.069201e-009
1.862087136662855e+000,4.069200e-009
1.905460717963235e+000,4.069200e-009
1.949844599758032e+000,4.069200e-009
1.995262314968866e+000,4.069200e-009
2.041737944669515e+000,4.069200e-009
2.089296130854025e+000,4.069200e-009
2.137962089502217e+000,4.069200e-009
2.187761623949537e+000,4.069200e-009
2.238721138568323e+000,4.069200e-009
2.290867652767756e+000,4.069200e-009
2.344228815319905e+000,4.069200e-009
2.398832919019473e+000,4.069200e-009
2.454708915685012e+000,4.069199e-009
2.511886431509561e+000,4.069199e-009
2.570395782768844e+000,4.069199e-009
2.630267991895362e+000,4.069199e-009
2.691534803926895e+000,4.069199e-009
2.754228703338145e+000,4.069198e-009
2.818382931264432e+000,4.069198e-009
2.884031503126584e+000,4.069198e-009
2.951209226666363e+000,4.069198e-009
3.019951720401993e+000,4.069197e-009
3.090295432513567e+000,4.069197e-009
3.162277660168355e+000,4.069197e-009
3.235936569296257e+000,4.069197e-009
3.311311214825885e+000,4.069196e-009
3.388441561391999e+000,4.069196e-009
3.467368504525289e+000,4.069195e-009
3.548133892335727e+000,4.069194e-009
3.630780547700985e+000,4.069194e-009
3.715352290971696e+000,4.069193e-009
3.801893963205582e+000,4.069193e-009
3.890451449942775e+000,4.069192e-009
3.981071705534941e+000,4.069191e-009
4.073802778041094e+000,4.069190e-009
4.168693834703320e+000,4.069189e-009
4.265795188015892e+000,4.069188e-009
4.365158322401624e+000,4.069186e-009
4.466835921509595e+000,4.069185e-009
4.570881896148713e+000,4.069183e-009
4.677351412871944e+000,4.069181e-009
4.786300923226344e+000,4.069180e-009
4.897788193684422e+000,4.069177e-009
5.011872336272681e+000,4.069175e-009
5.128613839913606e+000,4.069173e-009
5.248074602497682e+000,4.069170e-009
5.370317963702482e+000,4.069167e-009
5.495408738576200e+000,4.069164e-009
5.623413251903443e+000,4.069161e-009
5.754399373371521e+000,4.069157e-009
5.888436553555840e+000,4.069153e-009
6.025595860743526e+000,4.069148e-009
6.165950018614769e+000,4.069142e-009
6.309573444801878e+000,4.069137e-009
6.456542290346500e+000,4.069131e-009
6.606934480075903e+000,4.069124e-009
6.760829753919760e+000,4.069117e-009
6.918309709189305e+000,4.069109e-009
7.079457843841318e+000,4.069100e-009
7.244359600749839e+000,4.069090e-009
7.413102413009112e+000,4.069079e-009
7.585775750291773e+000,4.069067e-009
7.762471166286851e+000,4.069054e-009
7.943282347242747e+000,4.069041e-009
8.128305161640922e+000,4.069025e-009
8.317637711026638e+000,4.069008e-009
8.511380382023690e+000,4.068990e-009
8.709635899560730e+000,4.068969e-009
8.912509381337378e+000,4.068947e-009
9.120108393559018e+000,4.068922e-009
9.332543007969829e+000,4.068895e-009
9.549925860214275e+000,4.068866e-009
9.772372209558020e+000,4.068834e-009
9.999999999999911e+000,4.068798e-009
1.023292992280745e+001,4.068760e-009
1.047128548050890e+001,4.068717e-009
1.071519305237597e+001,4.068670e-009
1.096478196143175e+001,4.068619e-009
1.122018454301953e+001,4.068563e-009
1.148153621496872e+001,4.068502e-009
1.174897554939519e+001,4.068434e-009
1.202264434617402e+001,4.068360e-009
1.230268770812370e+001,4.068279e-009
1.258925411794155e+001,4.068190e-009
1.288249551693122e+001,4.068093e-009
1.318256738556395e+001,4.067986e-009
1.348962882591641e+001,4.067869e-009
1.380384264602872e+001,4.067740e-009
1.412537544622741e+001,4.067599e-009
1.445439770745914e+001,4.067445e-009
1.479108388168193e+001,4.067275e-009
1.513561248436193e+001,4.067090e-009
1.548816618912466e+001,4.066886e-009
1.584893192461098e+001,4.066663e-009
1.621810097358914e+001,4.066419e-009
1.659586907437544e+001,4.066151e-009
1.698243652461728e+001,4.065857e-009
1.737800828749359e+001,4.065535e-009
1.778279410038905e+001,4.065182e-009
1.819700858609966e+001,4.064795e-009
1.862087136662849e+001,4.064370e-009
1.905460717963229e+001,4.063905e-009
1.949844599758026e+001,4.063395e-009
1.995262314968860e+001,4.062837e-009
2.041737944669509e+001,4.062224e-009
2.089296130854019e+001,4.061553e-009
2.137962089502211e+001,4.060817e-009
2.187761623949531e+001,4.060011e-009
2.238721138568317e+001,4.059129e-009
2.290867652767750e+001,4.058160e-009
2.344228815319899e+001,4.057100e-009
2.398832919019467e+001,4.055939e-009
2.454708915685006e+001,4.054666e-009
2.511886431509555e+001,4.053272e-009
2.570395782768838e+001,4.051745e-009
2.630267991895356e+001,4.050073e-009
2.691534803926889e+001,4.048242e-009
2.754228703338139e+001,4.046237e-009
2.818382931264425e+001,4.044042e-009
2.884031503126576e+001,4.041639e-009
2.951209226666355e+001,4.039010e-009
3.019951720401985e+001,4.036132e-009
3.090295432513559e+001,4.032985e-009
3.162277660168347e+001,4.029541e-009
3.235936569296249e+001,4.025776e-009
3.311311214825876e+001,4.021660e-009
3.388441561391990e+001,4.017161e-009
3.467368504525280e+001,4.012245e-009
3.548133892335717e+001,4.006876e-009
3.630780547700975e+001,4.001013e-009
3.715352290971686e+001,3.994614e-009
3.801893963205572e+001,3.987634e-009
3.890451449942765e+001,3.980021e-009
3.981071705534930e+001,3.971724e-009
4.073802778041084e+001,3.962686e-009
4.168693834703309e+001,3.952846e-009
4.265795188015881e+001,3.942142e-009
4.365158322401612e+001,3.930503e-009
4.466835921509583e+001,3.917860e-009
4.570881896148701e+001,3.904136e-009
4.677351412871931e+001,3.889252e-009
4.786300923226331e+001,3.873126e-009
4.897788193684408e+001,3.855674e-009
5.011872336272667e+001,3.836806e-009
5.128613839913592e+001,3.816432e-009
5.248074602497668e+001,3.794462e-009
5.370317963702468e+001,3.770803e-009
5.495408738576185e+001,3.745364e-009
5.623413251903428e+001,3.718053e-009
5.754399373371505e+001,3.688783e-009
5.888436553555824e+001,3.657471e-009
6.025595860743510e+001,3.624038e-009
6.165950018614752e+001,3.588412e-009
6.309573444801861e+001,3.550532e-009
6.456542290346482e+001,3.510346e-009
6.606934480075886e+001,3.467813e-009
6.760829753919741e+001,3.422909e-009
6.918309709189286e+001,3.375623e-009
7.079457843841298e+001,3.325962e-009
7.244359600749817e+001,3.273951e-009
7.413102413009089e+001,3.219635e-009
7.585775750291749e+001,3.163079e-009
7.762471166286827e+001,3.104367e-009
7.943282347242722e+001,3.043604e-009
8.128305161640897e+001,2.980913e-009
8.317637711026612e+001,2.916437e-009
8.511380382023664e+001,2.850335e-009
8.709635899560703e+001,2.782781e-009
8.912509381337350e+001,2.713961e-009
9.120108393558989e+001,2.644074e-009
9.332543007969800e+001,2.573323e-009
9.549925860214246e+001,2.501918e-009
9.772372209557990e+001,2.430070e-009
9.999999999999881e+001,2.357990e-009
1.023292992280742e+002,2.285886e-009
1.047128548050887e+002,2.213957e-009
1.071519305237594e+002,2.142398e-009
1.096478196143172e+002,2.071391e-009
1.122018454301950e+002,2.001107e-009
1.148153621496869e+002,1.931705e-009
1.174897554939515e+002,1.863331e-009
1.202264434617398e+002,1.796113e-009
1.230268770812367e+002,1.730169e-009
1.258925411794152e+002,1.665599e-009
1.288249551693118e+002,1.602490e-009
1.318256738556391e+002,1.540916e-009
1.348962882591637e+002,1.480936e-009
1.380384264602868e+002,1.422597e-009
1.412537544622737e+002,1.365934e-009
1.445439770745910e+002,1.310972e-009
1.479108388168189e+002,1.257725e-009
1.513561248436189e+002,1.206198e-009
1.548816618912462e+002,1.156389e-009
1.584893192461094e+002,1.108288e-009
1.621810097358910e+002,1.061878e-009
1.659586907437540e+002,1.017137e-009
1.698243652461723e+002,9.740397e-010
1.737800828749354e+002,9.325545e-010
1.778279410038901e+002,8.926476e-010
1.819700858609961e+002,8.542824e-010
1.862087136662844e+002,8.174199e-010
1.905460717963223e+002,7.820195e-010
1.949844599758021e+002,7.480393e-010
1.995262314968855e+002,7.154364e-010
2.041737944669504e+002,6.841676e-010
2.089296130854013e+002,6.541891e-010
2.137962089502205e+002,6.254573e-010
2.187761623949525e+002,5.979289e-010
2.238721138568311e+002,5.715609e-010
2.290867652767744e+002,5.463108e-010
2.344228815319892e+002,5.221370e-010
2.398832919019460e+002,4.989985e-010
2.454708915684999e+002,4.768555e-010
2.511886431509548e+002,4.556688e-010
2.570395782768831e+002,4.354006e-010
2.630267991895348e+002,4.160140e-010
2.691534803926880e+002,3.974731e-010
2.754228703338130e+002,3.797433e-010
2.818382931264417e+002,3.627910e-010
2.884031503126568e+002,3.465840e-010
2.951209226666347e+002,3.310908e-010
3.019951720401976e+002,3.162814e-010
3.090295432513550e+002,3.021267e-010
3.162277660168338e+002,2.885988e-010
3.235936569296240e+002,2.756707e-010
3.311311214825867e+002,2.633166e-010
3.388441561391981e+002,2.515118e-010
3.467368504525271e+002,2.402323e-010
3.548133892335708e+002,2.294552e-010
3.630780547700965e+002,2.191587e-010
3.715352290971676e+002,2.093217e-010
3.801893963205561e+002,1.999239e-010
3.890451449942754e+002,1.909461e-010
3.981071705534919e+002,1.823698e-010
4.073802778041073e+002,1.741772e-010
4.168693834703298e+002,1.663513e-010
4.265795188015869e+002,1.588760e-010
4.365158322401601e+002,1.517356e-010
4.466835921509571e+002,1.449152e-010
4.570881896148688e+002,1.384007e-010
4.677351412871918e+002,1.321783e-010
4.786300923226318e+002,1.262352e-010
4.897788193684394e+002,1.205588e-010
5.011872336272654e+002,1.151372e-010
5.128613839913578e+002,1.099590e-010
5.248074602497653e+002,1.050134e-010
5.370317963702453e+002,1.002900e-010
5.495408738576169e+002,9.577875e-011
5.623413251903413e+002,9.147023e-011
5.754399373371490e+002,8.735533e-011
5.888436553555808e+002,8.342538e-011
6.025595860743495e+002,7.967210e-011
6.165950018614736e+002,7.608755e-011
6.309573444801845e+002,7.266416e-011
6.456542290346465e+002,6.939471e-011
6.606934480075868e+002,6.627228e-011
6.760829753919722e+002,6.329028e-011
6.918309709189267e+002,6.044239e-011
7.079457843841279e+002,5.772259e-011
7.244359600749798e+002,5.512513e-011
7.413102413009070e+002,5.264452e-011
7.585775750291730e+002,5.027549e-011
7.762471166286807e+002,4.801304e-011
7.943282347242702e+002,4.585238e-011
8.128305161640876e+002,4.378893e-011
8.317637711026591e+002,4.181832e-011
8.511380382023643e+002,3.993637e-011
8.709635899560682e+002,3.813910e-011
8.912509381337328e+002,3.642269e-011
9.120108393558967e+002,3.478353e-011
9.332543007969777e+002,3.321812e-011
9.549925860214222e+002,3.172314e-011
9.772372209557966e+002,3.029545e-011
9.999999999999856e+002,2.893200e-011
1.023292992280739e+003,2.762991e-011
1.047128548050884e+003,2.638641e-011
1.071519305237591e+003,2.519887e-011
1.096478196143169e+003,2.406478e-011
1.122018454301947e+003,2.298172e-011
1.148153621496866e+003,2.194740e-011
1.174897554939512e+003,2.095963e-011
1.202264434617395e+003,2.001631e-011
1.230268770812363e+003,1.911545e-011
1.258925411794148e+003,1.825513e-011
1.288249551693115e+003,1.743353e-011
1.318256738556387e+003,1.664891e-011
1.348962882591633e+003,1.589959e-011
1.380384264602864e+003,1.518400e-011
1.412537544622733e+003,1.450062e-011
1.445439770745906e+003,1.384799e-011
1.479108388168185e+003,1.322474e-011
1.513561248436185e+003,1.262953e-011
1.548816618912458e+003,1.206111e-011
1.584893192461090e+003,1.151828e-011
1.621810097358905e+003,1.099987e-011
1.659586907437535e+003,1.050480e-011
1.698243652461718e+003,1.003201e-011
1.737800828749349e+003,9.580496e-012
1.778279410038895e+003,9.149305e-012
1.819700858609955e+003,8.737519e-012
1.862087136662839e+003,8.344268e-012
1.905460717963218e+003,7.968715e-012
1.949844599758015e+003,7.610064e-012
1.995262314968848e+003,7.267556e-012
2.041737944669497e+003,6.940463e-012
2.089296130854007e+003,6.628091e-012
2.137962089502199e+003,6.329778e-012
2.187761623949518e+003,6.044891e-012
2.238721138568305e+003,5.772827e-012
2.290867652767737e+003,5.513007e-012
2.344228815319885e+003,5.264881e-012
2.398832919019453e+003,5.027922e-012
2.454708915684992e+003,4.801628e-012
2.511886431509540e+003,4.585519e-012
2.570395782768823e+003,4.379136e-012
2.630267991895340e+003,4.182043e-012
2.691534803926873e+003,3.993820e-012
2.754228703338123e+003,3.814068e-012
2.818382931264409e+003,3.642406e-012
2.884031503126560e+003,3.478471e-012
2.951209226666339e+003,3.321913e-012
3.019951720401968e+003,3.172402e-012
3.090295432513541e+003,3.029621e-012
3.162277660168329e+003,2.893265e-012
3.235936569296231e+003,2.763046e-012
3.311311214825857e+003,2.638688e-012
3.388441561391971e+003,2.519927e-012
3.467368504525260e+003,2.406512e-012
3.548133892335697e+003,2.298200e-012
3.630780547700954e+003,2.194764e-012
3.715352290971664e+003,2.095983e-012
3.801893963205549e+003,2.001648e-012
3.890451449942742e+003,1.911559e-012
3.981071705534907e+003,1.825524e-012
4.073802778041060e+003,1.743361e-012
4.168693834703285e+003,1.664897e-012
4.265795188015855e+003,1.589964e-012
4.365158322401587e+003,1.518403e-012
4.466835921509556e+003,1.450063e-012
4.570881896148673e+003,1.384800e-012
4.677351412871903e+003,1.322473e-012
4.786300923226302e+003,1.262951e-012
4.897788193684379e+003,1.206109e-012
5.011872336272638e+003,1.151825e-012
5.128613839913562e+003,1.099984e-012
5.248074602497637e+003,1.050476e-012
5.370317963702436e+003,1.003196e-012
5.495408738576152e+003,9.580446e-013
5.623413251903396e+003,9.149251e-013
5.754399373371472e+003,8.737464e-013
5.888436553555789e+003,8.344210e-013
6.025595860743474e+003,7.968654e-013
6.165950018614716e+003,7.610003e-013
6.309573444801824e+003,7.267492e-013
6.456542290346444e+003,6.940398e-013
6.606934480075846e+003,6.628024e-013
6.760829753919701e+003,6.329711e-013
6.918309709189245e+003,6.044823e-013
7.079457843841256e+003,5.772758e-013
7.244359600749775e+003,5.512938e-013
7.413102413009045e+003,5.264811e-013
7.585775750291705e+003,5.027852e-013
7.762471166286781e+003,4.801558e-013
7.943282347242675e+003,4.585449e-013
8.128305161640849e+003,4.379066e-013
8.317637711026564e+003,4.181972e-013
8.511380382023615e+003,3.993750e-013
8.709635899560653e+003,3.813998e-013
8.912509381337299e+003,3.642337e-013
9.120108393558938e+003,3.478401e-013
9.332543007969747e+003,3.321844e-013
9.549925860214193e+003,3.172334e-013
9.772372209557936e+003,3.029553e-013
9.999999999999825e+003,2.893198e-013
1.023292992280736e+004,2.762979e-013
1.047128548050881e+004,2.638622e-013
1.071519305237588e+004,2.519862e-013
1.096478196143166e+004,2.406448e-013
1.122018454301944e+004,2.298138e-013
1.148153621496863e+004,2.194702e-013
1.174897554939509e+004,2.095923e-013
1.202264434617392e+004,2.001589e-013
1.230268770812360e+004,1.911501e-013
1.258925411794145e+004,1.825468e-013
1.288249551693111e+004,1.743308e-013
1.318256738556384e+004,1.664846e-013
1.348962882591630e+004,1.589915e-013
1.380384264602861e+004,1.518357e-013
1.412537544622729e+004,1.450020e-013
1.445439770745902e+004,1.384759e-013
1.479108388168181e+004,1.322436e-013
1.513561248436181e+004,1.262918e-013
1.548816618912454e+004,1.206080e-013
1.584893192461085e+004,1.151800e-013
1.621810097358901e+004,1.099964e-013
1.659586907437531e+004,1.050462e-013
1.698243652461714e+004,1.003189e-013
1.737800828749345e+004,9.580435e-014
1.778279410038891e+004,9.149313e-014
1.819700858609951e+004,8.737604e-014
1.862087136662834e+004,8.344437e-014
1.905460717963213e+004,7.968978e-014
1.949844599758010e+004,7.610431e-014
1.995262314968844e+004,7.268036e-014
2.041737944669493e+004,6.941067e-014
2.089296130854002e+004,6.628832e-014
2.137962089502194e+004,6.330670e-014
2.187761623949514e+004,6.045949e-014
2.238721138568300e+004,5.774066e-014
2.290867652767732e+004,5.514445e-014
2.344228815319880e+004,5.266537e-014
2.398832919019448e+004,5.029819e-014
2.454708915684986e+004,4.803788e-014
2.511886431509535e+004,4.587968e-014
2.570395782768818e+004,4.381902e-014
2.630267991895335e+004,4.185155e-014
2.691534803926867e+004,3.997312e-014
2.754228703338117e+004,3.817978e-014
2.818382931264403e+004,3.646774e-014
2.884031503126553e+004,3.483340e-014
2.951209226666332e+004,3.327333e-014
3.019951720401961e+004,3.178424e-014
3.090295432513534e+004,3.036303e-014
3.162277660168322e+004,2.900672e-014
3.235936569296224e+004,2.771247e-014
3.311311214825851e+004,2.647759e-014
3.388441561391964e+004,2.529951e-014
3.467368504525253e+004,2.417580e-014
3.548133892335689e+004,2.310413e-014
3.630780547700946e+004,2.208230e-014
3.715352290971657e+004,2.110822e-014
3.801893963205542e+004,2.017990e-014
3.890451449942734e+004,1.929547e-014
3.981071705534899e+004,1.845314e-014
4.073802778041051e+004,1.765124e-014
4.168693834703276e+004,1.688817e-014
4.265795188015846e+004,1.616244e-014
4.365158322401578e+004,1.547263e-014
4.466835921509547e+004,1.481744e-014
4.570881896148664e+004,1.419560e-014
4.677351412871894e+004,1.360597e-014
4.786300923226294e+004,1.304746e-014
4.897788193684370e+004,1.251905e-014
5.011872336272628e+004,1.201982e-014
5.128613839913552e+004,1.154888e-014
5.248074602497627e+004,1.110543e-014
5.370317963702425e+004,1.068873e-014
5.495408738576141e+004,1.029809e-014
5.623413251903383e+004,9.932851e-015
5.754399373371459e+004,9.592436e-015
5.888436553555777e+004,9.276286e-015
6.025595860743462e+004,8.983875e-015
6.165950018614703e+004,8.714705e-015
6.309573444801811e+004,8.468297e-015
6.456542290346430e+004,8.244178e-015
6.606934480075832e+004,8.041876e-015
6.760829753919687e+004,7.860917e-015
6.918309709189230e+004,7.700809e-015
7.079457843841241e+004,7.561044e-015
7.244359600749759e+004,7.441086e-015
7.413102413009030e+004,7.340377e-015
7.585775750291690e+004,7.258325e-015
7.762471166286766e+004,7.194314e-015
7.943282347242659e+004,7.147701e-015
8.128305161640832e+004,7.117819e-015
8.317637711026546e+004,7.103988e-015
8.511380382023596e+004,7.105515e-015
8.709635899560634e+004,7.121705e-015
8.912509381337279e+004,7.151868e-015
9.120108393558917e+004,7.195326e-015
9.332543007969725e+004,7.251418e-015
9.549925860214169e+004,7.319507e-015
9.772372209557911e+004,7.398988e-015
9.999999999999799e+004,7.489285e-015
1.023292992280734e+005,7.589862e-015
1.047128548050879e+005,7.700222e-015
1.071519305237585e+005,7.819902e-015
1.096478196143163e+005,7.948487e-015
1.122018454301941e+005,8.085595e-015
1.148153621496859e+005,8.230889e-015
1.174897554939506e+005,8.384063e-015
1.202264434617389e+005,8.544854e-015
1.230268770812357e+005,8.713029e-015
1.258925411794142e+005,8.888388e-015
1.288249551693108e+005,9.070761e-015
1.318256738556380e+005,9.260011e-015
1.348962882591626e+005,9.456020e-015
1.380384264602856e+005,9.658701e-015
1.412537544622725e+005,9.867986e-015
1.445439770745898e+005,1.008383e-014
1.479108388168177e+005,1.030620e-014
1.513561248436177e+005,1.053510e-014
1.548816618912449e+005,1.077053e-014
1.584893192461080e+005,1.101251e-014
1.621810097358896e+005,1.126108e-014
1.659586907437526e+005,1.151629e-014
1.698243652461709e+005,1.177820e-014
1.737800828749339e+005,1.204689e-014
1.778279410038886e+005,1.232244e-014
1.819700858609945e+005,1.260495e-014
1.862087136662828e+005,1.289451e-014
1.905460717963207e+005,1.319124e-014
1.949844599758004e+005,1.349525e-014
1.995262314968837e+005,1.380668e-014
2.041737944669486e+005,1.412566e-014
2.089296130853995e+005,1.445234e-014
2.137962089502187e+005,1.478685e-014
2.187761623949506e+005,1.512936e-014
2.238721138568292e+005,1.548003e-014
2.290867652767724e+005,1.583902e-014
2.344228815319872e+005,1.620652e-014
2.398832919019439e+005,1.658270e-014
2.454708915684978e+005,1.696775e-014
2.511886431509526e+005,1.736185e-014
2.570395782768808e+005,1.776522e-014
2.630267991895325e+005,1.817804e-014
2.691534803926857e+005,1.860054e-014
2.754228703338107e+005,1.903293e-014
2.818382931264393e+005,1.947543e-014
2.884031503126543e+005,1.992826e-014
2.951209226666322e+005,2.039166e-014
3.019951720401950e+005,2.086587e-014
3.090295432513523e+005,2.135113e-014
3.162277660168310e+005,2.184769e-014
3.235936569296212e+005,2.235582e-014
3.311311214825838e+005,2.287577e-014
3.388441561391951e+005,2.340782e-014
3.467368504525240e+005,2.395223e-014
3.548133892335676e+005,2.450930e-014
3.630780547700933e+005,2.507932e-014
3.715352290971643e+005,2.566257e-014
3.801893963205527e+005,2.625937e-014
3.890451449942719e+005,2.687001e-014
3.981071705534884e+005,2.749483e-014
4.073802778041036e+005,2.813414e-014
4.168693834703261e+005,2.878827e-014
4.265795188015831e+005,2.945757e-014
4.365158322401562e+005,3.014238e-014
4.466835921509531e+005,3.084304e-014
4.570881896148648e+005,3.155994e-014
4.677351412871877e+005,3.229344e-014
4.786300923226276e+005,3.304391e-014
4.897788193684352e+005,3.381175e-014
5.011872336272610e+005,3.459734e-014
5.128613839913533e+005,3.540109e-014
5.248074602497608e+005,3.622342e-014
5.370317963702406e+005,3.706475e-014
5.495408738576121e+005,3.792550e-014
5.623413251903363e+005,3.880612e-014
5.754399373371438e+005,3.970705e-014
5.888436553555755e+005,4.062877e-014
6.025595860743440e+005,4.157173e-014
6.165950018614681e+005,4.253641e-014
6.309573444801788e+005,4.352330e-014
6.456542290346407e+005,4.453290e-014
6.606934480075808e+005,4.556573e-014
6.760829753919662e+005,4.662229e-014
6.918309709189205e+005,4.770312e-014
7.079457843841215e+005,4.880877e-014
7.244359600749733e+005,4.993977e-014
7.413102413009004e+005,5.109670e-014
7.585775750291662e+005,5.228014e-014
7.762471166286737e+005,5.349066e-014
7.943282347242631e+005,5.472886e-014
8.128305161640804e+005,5.599535e-014
8.317637711026516e+005,5.729075e-014
8.511380382023566e+005,5.861569e-014
8.709635899560602e+005,5.997082e-014
8.912509381337245e+005,6.135679e-014
9.120108393558882e+005,6.277427e-014
9.332543007969690e+005,6.422394e-014
9.549925860214133e+005,6.570648e-014
9.772372209557875e+005,6.722261e-014
9.999999999999763e+005,6.877304e-014
1.023292992280730e+006,7.035849e-014
1.047128548050875e+006,7.197970e-014
1.071519305237581e+006,7.363743e-014
1.096478196143159e+006,7.533243e-014
1.122018454301937e+006,7.706550e-014
1.148153621496855e+006,7.883740e-014
1.174897554939502e+006,8.064893e-014
1.202264434617384e+006,8.250091e-014
1.230268770812352e+006,8.439417e-014
1.258925411794137e+006,8.632951e-014
1.288249551693103e+006,8.830779e-014
1.318256738556376e+006,9.032986e-014
1.348962882591621e+006,9.239659e-014
1.380384264602852e+006,9.450883e-014
1.412537544622720e+006,9.666747e-014
1.445439770745893e+006,9.887340e-014
1.479108388168172e+006,1.011275e-013
1.513561248436171e+006,1.034307e-013
1.548816618912444e+006,1.057839e-013
1.584893192461075e+006,1.081879e-013
1.621810097358890e+006,1.106438e-013
1.659586907437520e+006,1.131525e-013
1.698243652461703e+006,1.157148e-013
1.737800828749333e+006,1.183317e-013
1.778279410038879e+006,1.210041e-013
1.819700858609939e+006,1.237330e-013
1.862087136662822e+006,1.265192e-013
1.905460717963201e+006,1.293637e-013
1.949844599757998e+006,1.322674e-013
1.995262314968831e+006,1.352311e-013
2.041737944669479e+006,1.382559e-013
2.089296130853988e+006,1.413426e-013
2.137962089502180e+006,1.444920e-013
2.187761623949499e+006,1.477050e-013
2.238721138568285e+006,1.509824e-013
2.290867652767716e+006,1.543251e-013
2.344228815319864e+006,1.577339e-013
2.398832919019431e+006,1.612094e-013
2.454708915684969e+006,1.647525e-013
2.511886431509518e+006,1.683639e-013
2.570395782768800e+006,1.720443e-013
2.630267991895317e+006,1.757942e-013
2.691534803926849e+006,1.796143e-013
2.754228703338098e+006,1.835050e-013
2.818382931264383e+006,1.874670e-013
2.884031503126534e+006,1.915007e-013
2.951209226666312e+006,1.956063e-013
3.019951720401940e+006,1.997844e-013
3.090295432513513e+006,2.040350e-013
3.162277660168300e+006,2.083584e-013
3.235936569296201e+006,2.127548e-013
3.311311214825827e+006,2.172241e-013
3.388441561391939e+006,2.217662e-013
3.467368504525228e+006,2.263810e-013
3.548133892335665e+006,2.310684e-013
3.630780547700921e+006,2.358279e-013
3.715352290971631e+006,2.406591e-013
3.801893963205515e+006,2.455614e-013
3.890451449942707e+006,2.505341e-013
3.981071705534871e+006,2.555765e-013
4.073802778041023e+006,2.606877e-013
4.168693834703247e+006,2.658665e-013
4.265795188015817e+006,2.711119e-013
4.365158322401547e+006,2.764225e-013
4.466835921509516e+006,2.817968e-013
4.570881896148631e+006,2.872333e-013
4.677351412871860e+006,2.927301e-013
4.786300923226259e+006,2.982854e-013
4.897788193684334e+006,3.038972e-013
5.011872336272592e+006,3.095631e-013
5.128613839913514e+006,3.152809e-013
5.248074602497589e+006,3.210481e-013
5.370317963702387e+006,3.268619e-013
5.495408738576102e+006,3.327196e-013
5.623413251903344e+006,3.386182e-013
5.754399373371419e+006,3.445544e-013
5.888436553555735e+006,3.505252e-013
6.025595860743419e+006,3.565270e-013
6.165950018614660e+006,3.625562e-013
6.309573444801766e+006,3.686093e-013
6.456542290346385e+006,3.746824e-013
6.606934480075786e+006,3.807715e-013
6.760829753919640e+006,3.868727e-013
6.918309709189182e+006,3.929817e-013
7.079457843841192e+006,3.990945e-013
7.244359600749710e+006,4.052067e-013
7.413102413008980e+006,4.113138e-013
7.585775750291637e+006,4.174116e-013
7.762471166286712e+006,4.234956e-013
7.943282347242604e+006,4.295612e-013
8.128305161640776e+006,4.356041e-013
8.317637711026489e+006,4.416197e-013
8.511380382023538e+006,4.476035e-013
8.709635899560574e+006,4.535512e-013
8.912509381337218e+006,4.594583e-013
9.120108393558854e+006,4.653206e-013
9.332543007969661e+006,4.711338e-013
9.549925860214103e+006,4.768936e-013
9.772372209557844e+006,4.825963e-013
9.999999999999732e+006,4.882378e-013
1.023292992280727e+007,4.938142e-013
1.047128548050872e+007,4.993222e-013
1.071519305237578e+007,5.047580e-013
1.096478196143156e+007,5.101184e-013
1.122018454301933e+007,5.154003e-013
1.148153621496852e+007,5.206008e-013
1.174897554939498e+007,5.257170e-013
1.202264434617380e+007,5.307465e-013
1.230268770812348e+007,5.356869e-013
1.258925411794133e+007,5.405361e-013
1.288249551693099e+007,5.452922e-013
1.318256738556371e+007,5.499534e-013
1.348962882591617e+007,5.545182e-013
1.380384264602847e+007,5.589854e-013
1.412537544622716e+007,5.633540e-013
1.445439770745888e+007,5.676229e-013
1.479108388168167e+007,5.717917e-013
1.513561248436167e+007,5.758598e-013
1.548816618912439e+007,5.798269e-013
1.584893192461070e+007,5.836931e-013
1.621810097358885e+007,5.874584e-013
1.659586907437515e+007,5.911230e-013
1.698243652461698e+007,5.946875e-013
1.737800828749327e+007,5.981525e-013
1.778279410038874e+007,6.015186e-013
1.819700858609933e+007,6.047869e-013
1.862087136662816e+007,6.079583e-013
1.905460717963195e+007,6.110340e-013
1.949844599757991e+007,6.140152e-013
1.995262314968824e+007,6.169033e-013
2.041737944669473e+007,6.196999e-013
2.089296130853982e+007,6.224063e-013
2.137962089502173e+007,6.250242e-013
2.187761623949492e+007,6.275555e-013
2.238721138568277e+007,6.300016e-013
2.290867652767709e+007,6.323645e-013
2.344228815319857e+007,6.346460e-013
2.398832919019423e+007,6.368481e-013
2.454708915684962e+007,6.389724e-013
2.511886431509510e+007,6.410211e-013
2.570395782768792e+007,6.429960e-013
2.630267991895308e+007,6.448991e-013
2.691534803926840e+007,6.467324e-013
2.754228703338089e+007,6.484977e-013
2.818382931264374e+007,6.501972e-013
2.884031503126525e+007,6.518325e-013
2.951209226666303e+007,6.534058e-013
3.019951720401931e+007,6.549188e-013
3.090295432513503e+007,6.563736e-013
3.162277660168290e+007,6.577718e-013
3.235936569296191e+007,6.591153e-013
3.311311214825817e+007,6.604061e-013
3.388441561391930e+007,6.616457e-013
3.467368504525218e+007,6.628359e-013
3.548133892335654e+007,6.639785e-013
3.630780547700910e+007,6.650750e-013
3.715352290971620e+007,6.661271e-013
3.801893963205504e+007,6.671365e-013
3.890451449942695e+007,6.681045e-013
3.981071705534859e+007,6.690328e-013
4.073802778041011e+007,6.699227e-013
4.168693834703235e+007,6.707757e-013
4.265795188015805e+007,6.715932e-013
4.365158322401536e+007,6.723765e-013
4.466835921509504e+007,6.731269e-013
4.570881896148621e+007,6.738456e-013
4.677351412871849e+007,6.745340e-013
4.786300923226247e+007,6.751931e-013
4.897788193684322e+007,6.758240e-013
5.011872336272580e+007,6.764280e-013
5.128613839913502e+007,6.770060e-013
5.248074602497576e+007,6.775591e-013
5.370317963702374e+007,6.780883e-013
5.495408738576088e+007,6.785946e-013
5.623413251903330e+007,6.790787e-013
5.754399373371404e+007,6.795417e-013
5.888436553555721e+007,6.799843e-013
6.025595860743405e+007,6.804074e-013
6.165950018614645e+007,6.808119e-013
6.309573444801751e+007,6.811984e-013
6.456542290346369e+007,6.815676e-013
6.606934480075770e+007,6.819203e-013
6.760829753919622e+007,6.822572e-013
6.918309709189165e+007,6.825788e-013
7.079457843841174e+007,6.828859e-013
7.244359600749691e+007,6.831790e-013
7.413102413008960e+007,6.834586e-013
7.585775750291617e+007,6.837254e-013
7.762471166286692e+007,6.839797e-013
7.943282347242585e+007,6.842223e-013
8.128305161640757e+007,6.844534e-013
8.317637711026469e+007,6.846736e-013
8.511380382023518e+007,6.848832e-013
8.709635899560553e+007,6.850828e-013
8.912509381337196e+007,6.852727e-013
9.120108393558832e+007,6.854534e-013
9.332543007969639e+007,6.856251e-013
9.549925860214081e+007,6.857881e-013
9.772372209557822e+007,6.859429e-013
1.000000000000000e+008,6.860897e-013
