frequency,V(onoise),V(rs)
1.000000000000000e+000,2.015652e-006,1.968545e-006
1.023292992280754e+000,2.015462e-006,1.968545e-006
1.047128548050899e+000,2.015276e-006,1.968545e-006
1.071519305237606e+000,2.015094e-006,1.968545e-006
1.096478196143185e+000,2.014916e-006,1.968545e-006
1.122018454301963e+000,2.014743e-006,1.968545e-006
1.148153621496882e+000,2.014573e-006,1.968545e-006
1.174897554939529e+000,2.014407e-006,1.968545e-006
1.202264434617413e+000,2.014245e-006,1.968545e-006
1.230268770812381e+000,2.014086e-006,1.968545e-006
1.258925411794167e+000,2.013932e-006,1.968545e-006
1.288249551693134e+000,2.013780e-006,1.968545e-006
1.318256738556407e+000,2.013632e-006,1.968545e-006
1.348962882591653e+000,2.013488e-006,1.968545e-006
1.380384264602885e+000,2.013347e-006,1.968545e-006
1.412537544622754e+000,2.013209e-006,1.968545e-006
1.445439770745927e+000,2.013074e-006,1.968545e-006
1.479108388168207e+000,2.012942e-006,1.968545e-006
1.513561248436208e+000,2.012813e-006,1.968545e-006
1.548816618912481e+000,2.012687e-006,1.968545e-006
1.584893192461113e+000,2.012564e-006,1.968545e-006
1.621810097358929e+000,2.012443e-006,1.968545e-006
1.659586907437560e+000,2.012326e-006,1.968545e-006
1.698243652461744e+000,2.012211e-006,1.968545e-006
1.737800828749375e+000,2.012099e-006,1.968545e-006
1.778279410038922e+000,2.011989e-006,1.968545e-006
1.819700858609982e+000,2.011882e-006,1.968545e-006
1.862087136662866e+000,2.011777e-006,1.968545e-006
1.905460717963246e+000,2.011674e-006,1.968545e-006
1.949844599758044e+000,2.011574e-006,1.968545e-006
1.995262314968878e+000,2.011477e-006,1.968545e-006
2.041737944669527e+000,2.011381e-006,1.968545e-006
2.089296130854037e+000,2.011288e-006,1.968545e-006
2.137962089502230e+000,2.011196e-006,1.968545e-006
2.187761623949550e+000,2.011107e-006,1.968545e-006
2.238721138568337e+000,2.011020e-006,1.968545e-006
2.290867652767771e+000,2.010934e-006,1.968545e-006
2.344228815319919e+000,2.010851e-006,1.968545e-006
2.398832919019488e+000,2.010770e-006,1.968545e-006
2.454708915685028e+000,2.010690e-006,1.968545e-006
2.511886431509577e+000,2.010612e-006,1.968545e-006
2.570395782768860e+000,2.010536e-006,1.968545e-006
2.630267991895378e+000,2.010462e-006,1.968545e-006
2.691534803926912e+000,2.010390e-006,1.968545e-006
2.754228703338163e+000,2.010319e-006,1.968545e-006
2.818382931264450e+000,2.010249e-006,1.968545e-006
2.884031503126602e+000,2.010182e-006,1.968545e-006
2.951209226666381e+000,2.010115e-006,1.968545e-006
3.019951720402012e+000,2.010051e-006,1.968545e-006
3.090295432513586e+000,2.009987e-006,1.968545e-006
3.162277660168374e+000,2.009926e-006,1.968545e-006
3.235936569296277e+000,2.009865e-006,1.968544e-006
3.311311214825905e+000,2.009806e-006,1.968544e-006
3.388441561392020e+000,2.009748e-006,1.968544e-006
3.467368504525310e+000,2.009692e-006,1.968544e-006
3.548133892335748e+000,2.009637e-006,1.968544e-006
3.630780547701007e+000,2.009583e-006,1.968544e-006
3.715352290971719e+000,2.009530e-006,1.968544e-006
3.801893963205605e+000,2.009479e-006,1.968544e-006
3.890451449942799e+000,2.009429e-006,1.968544e-006
3.981071705534965e+000,2.009380e-006,1.968544e-006
4.073802778041119e+000,2.009331e-006,1.968544e-006
4.168693834703346e+000,2.009285e-006,1.968544e-006
4.265795188015918e+000,2.009239e-006,1.968544e-006
4.365158322401651e+000,2.009194e-006,1.968544e-006
4.466835921509622e+000,2.009150e-006,1.968544e-006
4.570881896148741e+000,2.009107e-006,1.968544e-006
4.677351412871972e+000,2.009065e-006,1.968544e-006
4.786300923226373e+000,2.009024e-006,1.968544e-006
4.897788193684452e+000,2.008984e-006,1.968543e-006
5.011872336272712e+000,2.008945e-006,1.968543e-006
5.128613839913638e+000,2.008907e-006,1.968543e-006
5.248074602497715e+000,2.008870e-006,1.968543e-006
5.370317963702516e+000,2.008833e-006,1.968543e-006
5.495408738576233e+000,2.008798e-006,1.968543e-006
5.623413251903478e+000,2.008763e-006,1.968543e-006
5.754399373371556e+000,2.008728e-006,1.968543e-006
5.888436553555876e+000,2.008695e-006,1.968542e-006
6.025595860743564e+000,2.008663e-006,1.968542e-006
6.165950018614807e+000,2.008631e-006,1.968542e-006
6.309573444801917e+000,2.008600e-006,1.968542e-006
6.456542290346540e+000,2.008569e-006,1.968542e-006
6.606934480075944e+000,2.008539e-006,1.968541e-006
6.760829753919802e+000,2.008510e-006,1.968541e-006
6.918309709189348e+000,2.008482e-006,1.968541e-006
7.079457843841362e+000,2.008454e-006,1.968541e-006
7.244359600749883e+000,2.008427e-006,1.968541e-006
7.413102413009157e+000,2.008400e-006,1.968541e-006
7.585775750291819e+000,2.008374e-006,1.968540e-006
7.762471166286898e+000,2.008349e-006,1.968540e-006
7.943282347242795e+000,2.008324e-006,1.968540e-006
8.128305161640972e+000,2.008300e-006,1.968540e-006
8.317637711026690e+000,2.008276e-006,1.968539e-006
8.511380382023743e+000,2.008253e-006,1.968539e-006
8.709635899560784e+000,2.008230e-006,1.968539e-006
8.912509381337431e+000,2.008208e-006,1.968539e-006
9.120108393559072e+000,2.008186e-006,1.968538e-006
9.332543007969884e+000,2.008165e-006,1.968538e-006
9.549925860214332e+000,2.008144e-006,1.968537e-006
9.772372209558078e+000,2.008123e-006,1.968537e-006
9.999999999999970e+000,2.008103e-006,1.968537e-006
1.023292992280751e+001,2.008084e-006,1.968536e-006
1.047128548050896e+001,2.008065e-006,1.968536e-006
1.071519305237603e+001,2.008046e-006,1.968535e-006
1.096478196143182e+001,2.008028e-006,1.968535e-006
1.122018454301960e+001,2.008010e-006,1.968534e-006
1.148153621496879e+001,2.007992e-006,1.968534e-006
1.174897554939526e+001,2.007975e-006,1.968533e-006
1.202264434617409e+001,2.007958e-006,1.968533e-006
1.230268770812378e+001,2.007941e-006,1.968532e-006
1.258925411794163e+001,2.007925e-006,1.968531e-006
1.288249551693130e+001,2.007910e-006,1.968531e-006
1.318256738556403e+001,2.007894e-006,1.968530e-006
1.348962882591649e+001,2.007879e-006,1.968529e-006
1.380384264602880e+001,2.007864e-006,1.968529e-006
1.412537544622749e+001,2.007849e-006,1.968528e-006
1.445439770745922e+001,2.007835e-006,1.968527e-006
1.479108388168202e+001,2.007821e-006,1.968526e-006
1.513561248436203e+001,2.007807e-006,1.968525e-006
1.548816618912476e+001,2.007793e-006,1.968524e-006
1.584893192461108e+001,2.007780e-006,1.968523e-006
1.621810097358924e+001,2.007767e-006,1.968522e-006
1.659586907437554e+001,2.007754e-006,1.968521e-006
1.698243652461738e+001,2.007741e-006,1.968520e-006
1.737800828749369e+001,2.007729e-006,1.968519e-006
1.778279410038916e+001,2.007716e-006,1.968517e-006
1.819700858609976e+001,2.007704e-006,1.968516e-006
1.862087136662860e+001,2.007693e-006,1.968515e-006
1.905460717963240e+001,2.007681e-006,1.968513e-006
1.949844599758038e+001,2.007669e-006,1.968512e-006
1.995262314968872e+001,2.007658e-006,1.968510e-006
2.041737944669522e+001,2.007646e-006,1.968509e-006
2.089296130854032e+001,2.007635e-006,1.968507e-006
2.137962089502224e+001,2.007624e-006,1.968505e-006
2.187761623949544e+001,2.007613e-006,1.968503e-006
2.238721138568331e+001,2.007603e-006,1.968501e-006
2.290867652767764e+001,2.007592e-006,1.968499e-006
2.344228815319913e+001,2.007581e-006,1.968497e-006
2.398832919019481e+001,2.007571e-006,1.968495e-006
2.454708915685020e+001,2.007560e-006,1.968492e-006
2.511886431509570e+001,2.007550e-006,1.968490e-006
2.570395782768853e+001,2.007540e-006,1.968487e-006
2.630267991895371e+001,2.007530e-006,1.968484e-006
2.691534803926904e+001,2.007519e-006,1.968481e-006
2.754228703338155e+001,2.007509e-006,1.968478e-006
2.818382931264442e+001,2.007499e-006,1.968475e-006
2.884031503126593e+001,2.007489e-006,1.968472e-006
2.951209226666373e+001,2.007479e-006,1.968468e-006
3.019951720402003e+001,2.007469e-006,1.968465e-006
3.090295432513577e+001,2.007458e-006,1.968461e-006
3.162277660168365e+001,2.007448e-006,1.968457e-006
3.235936569296268e+001,2.007438e-006,1.968453e-006
3.311311214825896e+001,2.007427e-006,1.968448e-006
3.388441561392011e+001,2.007417e-006,1.968444e-006
3.467368504525301e+001,2.007406e-006,1.968439e-006
3.548133892335738e+001,2.007396e-006,1.968434e-006
3.630780547700997e+001,2.007385e-006,1.968429e-006
3.715352290971708e+001,2.007374e-006,1.968423e-006
3.801893963205595e+001,2.007363e-006,1.968418e-006
3.890451449942788e+001,2.007352e-006,1.968412e-006
3.981071705534954e+001,2.007341e-006,1.968405e-006
4.073802778041109e+001,2.007329e-006,1.968399e-006
4.168693834703335e+001,2.007318e-006,1.968392e-006
4.265795188015907e+001,2.007306e-006,1.968385e-006
4.365158322401639e+001,2.007293e-006,1.968377e-006
4.466835921509610e+001,2.007281e-006,1.968369e-006
4.570881896148729e+001,2.007268e-006,1.968361e-006
4.677351412871960e+001,2.007255e-006,1.968352e-006
4.786300923226361e+001,2.007242e-006,1.968343e-006
4.897788193684438e+001,2.007228e-006,1.968333e-006
5.011872336272698e+001,2.007214e-006,1.968323e-006
5.128613839913624e+001,2.007199e-006,1.968313e-006
5.248074602497700e+001,2.007184e-006,1.968302e-006
5.370317963702501e+001,2.007169e-006,1.968290e-006
5.495408738576219e+001,2.007153e-006,1.968278e-006
5.623413251903463e+001,2.007137e-006,1.968266e-006
5.754399373371541e+001,2.007120e-006,1.968253e-006
5.888436553555861e+001,2.007103e-006,1.968239e-006
6.025595860743547e+001,2.007085e-006,1.968224e-006
6.165950018614791e+001,2.007066e-006,1.968209e-006
6.309573444801901e+001,2.007047e-006,1.968193e-006
6.456542290346522e+001,2.007027e-006,1.968177e-006
6.606934480075925e+001,2.007006e-006,1.968159e-006
6.760829753919782e+001,2.006985e-006,1.968141e-006
6.918309709189329e+001,2.006963e-006,1.968122e-006
7.079457843841342e+001,2.006939e-006,1.968102e-006
7.244359600749863e+001,2.006916e-006,1.968082e-006
7.413102413009136e+001,2.006891e-006,1.968060e-006
7.585775750291798e+001,2.006865e-006,1.968037e-006
7.762471166286876e+001,2.006838e-006,1.968013e-006
7.943282347242773e+001,2.006810e-006,1.967988e-006
8.128305161640949e+001,2.006781e-006,1.967961e-006
8.317637711026666e+001,2.006750e-006,1.967934e-006
8.511380382023719e+001,2.006718e-006,1.967905e-006
8.709635899560760e+001,2.006685e-006,1.967875e-006
8.912509381337408e+001,2.006651e-006,1.967843e-006
9.120108393559049e+001,2.006615e-006,1.967810e-006
9.332543007969861e+001,2.006578e-006,1.967775e-006
9.549925860214309e+001,2.006539e-006,1.967739e-006
9.772372209558054e+001,2.006498e-006,1.967701e-006
9.999999999999946e+001,2.006455e-006,1.967662e-006
1.023292992280749e+002,2.006411e-006,1.967620e-006
1.047128548050894e+002,2.006365e-006,1.967576e-006
1.071519305237600e+002,2.006316e-006,1.967531e-006
1.096478196143179e+002,2.006266e-006,1.967483e-006
1.122018454301957e+002,2.006213e-006,1.967433e-006
1.148153621496876e+002,2.006158e-006,1.967381e-006
1.174897554939523e+002,2.006100e-006,1.967326e-006
1.202264434617406e+002,2.006040e-006,1.967268e-006
1.230268770812374e+002,2.005977e-006,1.967208e-006
1.258925411794160e+002,2.005911e-006,1.967145e-006
1.288249551693126e+002,2.005843e-006,1.967079e-006
1.318256738556399e+002,2.005771e-006,1.967010e-006
1.348962882591646e+002,2.005696e-006,1.966938e-006
1.380384264602876e+002,2.005617e-006,1.966862e-006
1.412537544622746e+002,2.005535e-006,1.966783e-006
1.445439770745919e+002,2.005449e-006,1.966700e-006
1.479108388168199e+002,2.005359e-006,1.966613e-006
1.513561248436199e+002,2.005265e-006,1.966522e-006
1.548816618912472e+002,2.005167e-006,1.966427e-006
1.584893192461104e+002,2.005064e-006,1.966328e-006
1.621810097358920e+002,2.004957e-006,1.966223e-006
1.659586907437551e+002,2.004844e-006,1.966114e-006
1.698243652461734e+002,2.004726e-006,1.965999e-006
1.737800828749365e+002,2.004603e-006,1.965880e-006
1.778279410038912e+002,2.004474e-006,1.965754e-006
1.819700858609972e+002,2.004339e-006,1.965623e-006
1.862087136662856e+002,2.004198e-006,1.965486e-006
1.905460717963235e+002,2.004050e-006,1.965342e-006
1.949844599758033e+002,2.003896e-006,1.965191e-006
1.995262314968867e+002,2.003734e-006,1.965034e-006
2.041737944669516e+002,2.003565e-006,1.964869e-006
2.089296130854026e+002,2.003388e-006,1.964696e-006
2.137962089502218e+002,2.003202e-006,1.964515e-006
2.187761623949538e+002,2.003008e-006,1.964326e-006
2.238721138568325e+002,2.002805e-006,1.964127e-006
2.290867652767758e+002,2.002593e-006,1.963920e-006
2.344228815319906e+002,2.002371e-006,1.963703e-006
2.398832919019474e+002,2.002138e-006,1.963475e-006
2.454708915685014e+002,2.001894e-006,1.963238e-006
2.511886431509563e+002,2.001640e-006,1.962988e-006
2.570395782768846e+002,2.001373e-006,1.962728e-006
2.630267991895364e+002,2.001094e-006,1.962455e-006
2.691534803926897e+002,2.000802e-006,1.962169e-006
2.754228703338148e+002,2.000496e-006,1.961870e-006
2.818382931264435e+002,2.000177e-006,1.961557e-006
2.884031503126586e+002,1.999842e-006,1.961230e-006
2.951209226666366e+002,1.999492e-006,1.960887e-006
3.019951720401995e+002,1.999125e-006,1.960528e-006
3.090295432513569e+002,1.998742e-006,1.960153e-006
3.162277660168357e+002,1.998341e-006,1.959760e-006
3.235936569296260e+002,1.997921e-006,1.959349e-006
3.311311214825888e+002,1.997482e-006,1.958918e-006
3.388441561392002e+002,1.997022e-006,1.958468e-006
3.467368504525292e+002,1.996541e-006,1.957997e-006
3.548133892335729e+002,1.996038e-006,1.957504e-006
3.630780547700987e+002,1.995511e-006,1.956988e-006
3.715352290971698e+002,1.994960e-006,1.956449e-006
3.801893963205584e+002,1.994384e-006,1.955884e-006
3.890451449942777e+002,1.993781e-006,1.955293e-006
3.981071705534943e+002,1.993151e-006,1.954675e-006
4.073802778041097e+002,1.992491e-006,1.954029e-006
4.168693834703323e+002,1.991801e-006,1.953352e-006
4.265795188015895e+002,1.991079e-006,1.952645e-006
4.365158322401627e+002,1.990324e-006,1.951905e-006
4.466835921509598e+002,1.989535e-006,1.951131e-006
4.570881896148716e+002,1.988709e-006,1.950322e-006
4.677351412871947e+002,1.987846e-006,1.949476e-006
4.786300923226348e+002,1.986943e-006,1.948591e-006
4.897788193684425e+002,1.985999e-006,1.947665e-006
5.011872336272685e+002,1.985012e-006,1.946697e-006
5.128613839913610e+002,1.983979e-006,1.945685e-006
5.248074602497686e+002,1.982900e-006,1.944628e-006
5.370317963702487e+002,1.981772e-006,1.943522e-006
5.495408738576203e+002,1.980593e-006,1.942366e-006
5.623413251903447e+002,1.979361e-006,1.941158e-006
5.754399373371524e+002,1.978073e-006,1.939895e-006
5.888436553555844e+002,1.976727e-006,1.938575e-006
6.025595860743530e+002,1.975321e-006,1.937197e-006
6.165950018614773e+002,1.973852e-006,1.935756e-006
6.309573444801882e+002,1.972317e-006,1.934251e-006
6.456542290346504e+002,1.970713e-006,1.932679e-006
6.606934480075908e+002,1.969038e-006,1.931036e-006
6.760829753919763e+002,1.967289e-006,1.929321e-006
6.918309709189309e+002,1.965462e-006,1.927530e-006
7.079457843841321e+002,1.963555e-006,1.925659e-006
7.244359600749841e+002,1.961563e-006,1.923707e-006
7.413102413009113e+002,1.959485e-006,1.921668e-006
7.585775750291774e+002,1.957315e-006,1.919541e-006
7.762471166286852e+002,1.955051e-006,1.917321e-006
7.943282347242747e+002,1.952689e-006,1.915004e-006
8.128305161640923e+002,1.950224e-006,1.912588e-006
8.317637711026639e+002,1.947654e-006,1.910067e-006
8.511380382023692e+002,1.944973e-006,1.907438e-006
8.709635899560732e+002,1.942177e-006,1.904697e-006
8.912509381337379e+002,1.939263e-006,1.901839e-006
9.120108393559019e+002,1.936225e-006,1.898860e-006
9.332543007969830e+002,1.933060e-006,1.895756e-006
9.549925860214277e+002,1.929762e-006,1.892521e-006
9.772372209558022e+002,1.926326e-006,1.889152e-006
9.999999999999913e+002,1.922748e-006,1.885644e-006
1.023292992280745e+003,1.919023e-006,1.881991e-006
1.047128548050890e+003,1.915146e-006,1.878188e-006
1.071519305237597e+003,1.911111e-006,1.874231e-006
1.096478196143175e+003,1.906913e-006,1.870114e-006
1.122018454301953e+003,1.902546e-006,1.865832e-006
1.148153621496872e+003,1.898006e-006,1.861380e-006
1.174897554939519e+003,1.893286e-006,1.856751e-006
1.202264434617402e+003,1.888382e-006,1.851942e-006
1.230268770812370e+003,1.883287e-006,1.846945e-006
1.258925411794156e+003,1.877996e-006,1.841756e-006
1.288249551693122e+003,1.872503e-006,1.836370e-006
1.318256738556395e+003,1.866803e-006,1.830779e-006
1.348962882591641e+003,1.860889e-006,1.824980e-006
1.380384264602872e+003,1.854757e-006,1.818966e-006
1.412537544622741e+003,1.848400e-006,1.812732e-006
1.445439770745914e+003,1.841813e-006,1.806272e-006
1.479108388168193e+003,1.834990e-006,1.799581e-006
1.513561248436194e+003,1.827927e-006,1.792655e-006
1.548816618912467e+003,1.820618e-006,1.785486e-006
1.584893192461099e+003,1.813057e-006,1.778071e-006
1.621810097358915e+003,1.805240e-006,1.770405e-006
1.659586907437545e+003,1.797162e-006,1.762483e-006
1.698243652461728e+003,1.788818e-006,1.754301e-006
1.737800828749359e+003,1.780205e-006,1.745854e-006
1.778279410038906e+003,1.771318e-006,1.737138e-006
1.819700858609966e+003,1.762153e-006,1.728150e-006
1.862087136662849e+003,1.752707e-006,1.718887e-006
1.905460717963229e+003,1.742977e-006,1.709344e-006
1.949844599758026e+003,1.732960e-006,1.699521e-006
1.995262314968860e+003,1.722654e-006,1.689413e-006
2.041737944669509e+003,1.712057e-006,1.679021e-006
2.089296130854019e+003,1.701167e-006,1.668341e-006
2.137962089502211e+003,1.689984e-006,1.657374e-006
2.187761623949531e+003,1.678507e-006,1.646119e-006
2.238721138568317e+003,1.666736e-006,1.634575e-006
2.290867652767750e+003,1.654673e-006,1.622744e-006
2.344228815319898e+003,1.642317e-006,1.610627e-006
2.398832919019466e+003,1.629671e-006,1.598225e-006
2.454708915685005e+003,1.616737e-006,1.585541e-006
2.511886431509554e+003,1.603519e-006,1.572578e-006
2.570395782768837e+003,1.590019e-006,1.559338e-006
2.630267991895355e+003,1.576242e-006,1.545827e-006
2.691534803926887e+003,1.562193e-006,1.532049e-006
2.754228703338138e+003,1.547877e-006,1.518010e-006
2.818382931264424e+003,1.533301e-006,1.503714e-006
2.884031503126575e+003,1.518470e-006,1.489170e-006
2.951209226666354e+003,1.503393e-006,1.474383e-006
3.019951720401984e+003,1.488076e-006,1.459362e-006
3.090295432513557e+003,1.472529e-006,1.444115e-006
3.162277660168345e+003,1.456761e-006,1.428651e-006
3.235936569296248e+003,1.440781e-006,1.412979e-006
3.311311214825875e+003,1.424598e-006,1.397109e-006
3.388441561391989e+003,1.408224e-006,1.381051e-006
3.467368504525279e+003,1.391670e-006,1.364816e-006
3.548133892335716e+003,1.374946e-006,1.348415e-006
3.630780547700973e+003,1.358064e-006,1.331859e-006
3.715352290971684e+003,1.341037e-006,1.315160e-006
3.801893963205570e+003,1.323876e-006,1.298330e-006
3.890451449942763e+003,1.306594e-006,1.281382e-006
3.981071705534928e+003,1.289204e-006,1.264327e-006
4.073802778041082e+003,1.271719e-006,1.247179e-006
4.168693834703307e+003,1.254151e-006,1.229951e-006
4.265795188015879e+003,1.236514e-006,1.212654e-006
4.365158322401610e+003,1.218821e-006,1.195302e-006
4.466835921509581e+003,1.201084e-006,1.177907e-006
4.570881896148699e+003,1.183317e-006,1.160483e-006
4.677351412871929e+003,1.165533e-006,1.143042e-006
4.786300923226329e+003,1.147744e-006,1.125596e-006
4.897788193684407e+003,1.129963e-006,1.108158e-006
5.011872336272666e+003,1.112202e-006,1.090739e-006
5.128613839913590e+003,1.094473e-006,1.073352e-006
5.248074602497666e+003,1.076788e-006,1.056009e-006
5.370317963702466e+003,1.059159e-006,1.038720e-006
5.495408738576182e+003,1.041596e-006,1.021496e-006
5.623413251903426e+003,1.024111e-006,1.004348e-006
5.754399373371502e+003,1.006714e-006,9.872867e-007
5.888436553555821e+003,9.894153e-007,9.703214e-007
6.025595860743507e+003,9.722239e-007,9.534616e-007
6.165950018614749e+003,9.551494e-007,9.367164e-007
6.309573444801858e+003,9.382005e-007,9.200944e-007
6.456542290346478e+003,9.213855e-007,9.036038e-007
6.606934480075881e+003,9.047124e-007,8.872522e-007
6.760829753919737e+003,8.881885e-007,8.710470e-007
6.918309709189281e+003,8.718208e-007,8.549950e-007
7.079457843841294e+003,8.556159e-007,8.391027e-007
7.244359600749813e+003,8.395798e-007,8.233758e-007
7.413102413009085e+003,8.237182e-007,8.078201e-007
7.585775750291745e+003,8.080363e-007,7.924406e-007
7.762471166286822e+003,7.925388e-007,7.772420e-007
7.943282347242717e+003,7.772301e-007,7.622285e-007
8.128305161640892e+003,7.621141e-007,7.474040e-007
8.317637711026608e+003,7.471943e-007,7.327720e-007
8.511380382023659e+003,7.324739e-007,7.183355e-007
8.709635899560699e+003,7.179557e-007,7.040972e-007
8.912509381337344e+003,7.036419e-007,6.900594e-007
9.120108393558983e+003,6.895348e-007,6.762243e-007
9.332543007969793e+003,6.756359e-007,6.625934e-007
9.549925860214238e+003,6.619466e-007,6.491682e-007
9.772372209557982e+003,6.484681e-007,6.359495e-007
9.999999999999871e+003,6.352011e-007,6.229383e-007
1.023292992280741e+004,6.221460e-007,6.101349e-007
1.047128548050886e+004,6.093032e-007,5.975397e-007
1.071519305237592e+004,5.966726e-007,5.851526e-007
1.096478196143171e+004,5.842539e-007,5.729734e-007
1.122018454301949e+004,5.720467e-007,5.610015e-007
1.148153621496868e+004,5.600502e-007,5.492362e-007
1.174897554939514e+004,5.482636e-007,5.376768e-007
1.202264434617397e+004,5.366858e-007,5.263221e-007
1.230268770812365e+004,5.253155e-007,5.151710e-007
1.258925411794151e+004,5.141513e-007,5.042220e-007
1.288249551693117e+004,5.031917e-007,4.934736e-007
1.318256738556390e+004,4.924349e-007,4.829242e-007
1.348962882591636e+004,4.818793e-007,4.725719e-007
1.380384264602867e+004,4.715228e-007,4.624150e-007
1.412537544622735e+004,4.613633e-007,4.524513e-007
1.445439770745908e+004,4.513988e-007,4.426788e-007
1.479108388168187e+004,4.416271e-007,4.330953e-007
1.513561248436188e+004,4.320458e-007,4.236987e-007
1.548816618912460e+004,4.226526e-007,4.144864e-007
1.584893192461092e+004,4.134451e-007,4.054563e-007
1.621810097358908e+004,4.044208e-007,3.966058e-007
1.659586907437538e+004,3.955771e-007,3.879324e-007
1.698243652461721e+004,3.869116e-007,3.794337e-007
1.737800828749351e+004,3.784215e-007,3.711072e-007
1.778279410038898e+004,3.701043e-007,3.629501e-007
1.819700858609958e+004,3.619573e-007,3.549600e-007
1.862087136662842e+004,3.539779e-007,3.471342e-007
1.905460717963221e+004,3.461633e-007,3.394701e-007
1.949844599758018e+004,3.385110e-007,3.319651e-007
1.995262314968852e+004,3.310182e-007,3.246165e-007
2.041737944669501e+004,3.236821e-007,3.174216e-007
2.089296130854010e+004,3.165001e-007,3.103778e-007
2.137962089502202e+004,3.094696e-007,3.034826e-007
2.187761623949522e+004,3.025879e-007,2.967332e-007
2.238721138568308e+004,2.958523e-007,2.901271e-007
2.290867652767740e+004,2.892601e-007,2.836617e-007
2.344228815319889e+004,2.828087e-007,2.773344e-007
2.398832919019456e+004,2.764955e-007,2.711427e-007
2.454708915684995e+004,2.703180e-007,2.650839e-007
2.511886431509544e+004,2.642736e-007,2.591556e-007
2.570395782768826e+004,2.583596e-007,2.533554e-007
2.630267991895344e+004,2.525738e-007,2.476806e-007
2.691534803926876e+004,2.469134e-007,2.421290e-007
2.754228703338126e+004,2.413761e-007,2.366981e-007
2.818382931264412e+004,2.359595e-007,2.313854e-007
2.884031503126564e+004,2.306611e-007,2.261888e-007
2.951209226666342e+004,2.254787e-007,2.211058e-007
3.019951720401971e+004,2.204098e-007,2.161342e-007
3.090295432513544e+004,2.154522e-007,2.112717e-007
3.162277660168332e+004,2.106036e-007,2.065161e-007
3.235936569296234e+004,2.058618e-007,2.018652e-007
3.311311214825861e+004,2.012246e-007,1.973169e-007
3.388441561391974e+004,1.966899e-007,1.928691e-007
3.467368504525264e+004,1.922554e-007,1.885196e-007
3.548133892335701e+004,1.879192e-007,1.842664e-007
3.630780547700958e+004,1.836791e-007,1.801074e-007
3.715352290971669e+004,1.795332e-007,1.760409e-007
3.801893963205554e+004,1.754794e-007,1.720647e-007
3.890451449942747e+004,1.715159e-007,1.681769e-007
3.981071705534912e+004,1.676406e-007,1.643757e-007
4.073802778041065e+004,1.638518e-007,1.606593e-007
4.168693834703291e+004,1.601476e-007,1.570258e-007
4.265795188015862e+004,1.565261e-007,1.534734e-007
4.365158322401593e+004,1.529856e-007,1.500004e-007
4.466835921509563e+004,1.495243e-007,1.466052e-007
4.570881896148680e+004,1.461406e-007,1.432859e-007
4.677351412871909e+004,1.428327e-007,1.400410e-007
4.786300923226309e+004,1.395990e-007,1.368689e-007
4.897788193684386e+004,1.364379e-007,1.337679e-007
5.011872336272644e+004,1.333478e-007,1.307366e-007
5.128613839913568e+004,1.303272e-007,1.277733e-007
5.248074602497643e+004,1.273745e-007,1.248767e-007
5.370317963702443e+004,1.244883e-007,1.220452e-007
5.495408738576159e+004,1.216670e-007,1.192774e-007
5.623413251903402e+004,1.189093e-007,1.165720e-007
5.754399373371479e+004,1.162138e-007,1.139275e-007
5.888436553555797e+004,1.135791e-007,1.113426e-007
6.025595860743483e+004,1.110038e-007,1.088159e-007
6.165950018614724e+004,1.084867e-007,1.063463e-007
6.309573444801832e+004,1.060264e-007,1.039324e-007
6.456542290346453e+004,1.036218e-007,1.015730e-007
6.606934480075855e+004,1.012714e-007,9.926683e-008
6.760829753919710e+004,9.897426e-008,9.701279e-008
6.918309709189255e+004,9.672905e-008,9.480969e-008
7.079457843841266e+004,9.453466e-008,9.265639e-008
7.244359600749785e+004,9.238995e-008,9.055179e-008
7.413102413009056e+004,9.029380e-008,8.849479e-008
7.585775750291716e+004,8.824514e-008,8.648433e-008
7.762471166286792e+004,8.624292e-008,8.451939e-008
7.943282347242687e+004,8.428609e-008,8.259892e-008
8.128305161640862e+004,8.237362e-008,8.072193e-008
8.317637711026576e+004,8.050455e-008,7.888746e-008
8.511380382023628e+004,7.867789e-008,7.709455e-008
8.709635899560666e+004,7.689268e-008,7.534226e-008
8.912509381337311e+004,7.514800e-008,7.362969e-008
9.120108393558950e+004,7.344295e-008,7.195594e-008
9.332543007969759e+004,7.177663e-008,7.032013e-008
9.549925860214204e+004,7.014817e-008,6.872142e-008
9.772372209557948e+004,6.855672e-008,6.715897e-008
9.999999999999837e+004,6.700145e-008,6.563197e-008
1.023292992280737e+005,6.548156e-008,6.413961e-008
1.047128548050882e+005,6.399623e-008,6.268110e-008
1.071519305237589e+005,6.254469e-008,6.125570e-008
1.096478196143167e+005,6.112619e-008,5.986266e-008
1.122018454301945e+005,5.973999e-008,5.850124e-008
1.148153621496864e+005,5.838534e-008,5.717072e-008
1.174897554939510e+005,5.706154e-008,5.587041e-008
1.202264434617393e+005,5.576791e-008,5.459964e-008
1.230268770812361e+005,5.450375e-008,5.335772e-008
1.258925411794147e+005,5.326840e-008,5.214401e-008
1.288249551693113e+005,5.206122e-008,5.095787e-008
1.318256738556385e+005,5.088157e-008,4.979868e-008
1.348962882591631e+005,4.972883e-008,4.866582e-008
1.380384264602862e+005,4.860238e-008,4.755870e-008
1.412537544622731e+005,4.750165e-008,4.647675e-008
1.445439770745904e+005,4.642605e-008,4.541937e-008
1.479108388168183e+005,4.537501e-008,4.438603e-008
1.513561248436183e+005,4.434798e-008,4.337618e-008
1.548816618912456e+005,4.334441e-008,4.238928e-008
1.584893192461087e+005,4.236379e-008,4.142481e-008
1.621810097358903e+005,4.140558e-008,4.048227e-008
1.659586907437533e+005,4.046930e-008,3.956115e-008
1.698243652461716e+005,3.955443e-008,3.866098e-008
1.737800828749346e+005,3.866051e-008,3.778128e-008
1.778279410038893e+005,3.778705e-008,3.692157e-008
1.819700858609953e+005,3.693359e-008,3.608142e-008
1.862087136662836e+005,3.609969e-008,3.526037e-008
1.905460717963215e+005,3.528491e-008,3.445799e-008
1.949844599758012e+005,3.448881e-008,3.367387e-008
1.995262314968846e+005,3.371098e-008,3.290757e-008
2.041737944669495e+005,3.295099e-008,3.215870e-008
2.089296130854004e+005,3.220846e-008,3.142687e-008
2.137962089502196e+005,3.148299e-008,3.071168e-008
2.187761623949515e+005,3.077419e-008,3.001276e-008
2.238721138568301e+005,3.008169e-008,2.932974e-008
2.290867652767734e+005,2.940512e-008,2.866225e-008
2.344228815319882e+005,2.874413e-008,2.800995e-008
2.398832919019449e+005,2.809837e-008,2.737249e-008
2.454708915684988e+005,2.746749e-008,2.674953e-008
2.511886431509537e+005,2.685116e-008,2.614074e-008
2.570395782768819e+005,2.624905e-008,2.554580e-008
2.630267991895336e+005,2.566085e-008,2.496440e-008
2.691534803926869e+005,2.508624e-008,2.439623e-008
2.754228703338119e+005,2.452492e-008,2.384098e-008
2.818382931264405e+005,2.397660e-008,2.329837e-008
2.884031503126556e+005,2.344097e-008,2.276810e-008
2.951209226666334e+005,2.291776e-008,2.224990e-008
3.019951720401964e+005,2.240670e-008,2.174349e-008
3.090295432513537e+005,2.190750e-008,2.124860e-008
3.162277660168324e+005,2.141990e-008,2.076498e-008
3.235936569296226e+005,2.094366e-008,2.029236e-008
3.311311214825853e+005,2.047850e-008,1.983049e-008
3.388441561391967e+005,2.002420e-008,1.937913e-008
3.467368504525256e+005,1.958050e-008,1.893805e-008
3.548133892335693e+005,1.914717e-008,1.850700e-008
3.630780547700950e+005,1.872398e-008,1.808576e-008
3.715352290971660e+005,1.831070e-008,1.767411e-008
3.801893963205545e+005,1.790712e-008,1.727183e-008
3.890451449942738e+005,1.751302e-008,1.687870e-008
3.981071705534903e+005,1.712820e-008,1.649452e-008
4.073802778041056e+005,1.675244e-008,1.611908e-008
4.168693834703281e+005,1.638555e-008,1.575218e-008
4.265795188015852e+005,1.602733e-008,1.539364e-008
4.365158322401583e+005,1.567759e-008,1.504325e-008
4.466835921509552e+005,1.533615e-008,1.470084e-008
4.570881896148669e+005,1.500282e-008,1.436622e-008
4.677351412871899e+005,1.467743e-008,1.403922e-008
4.786300923226299e+005,1.435980e-008,1.371966e-008
4.897788193684375e+005,1.404976e-008,1.340737e-008
5.011872336272634e+005,1.374715e-008,1.310219e-008
5.128613839913558e+005,1.345181e-008,1.280396e-008
5.248074602497633e+005,1.316357e-008,1.251251e-008
5.370317963702432e+005,1.288229e-008,1.222770e-008
5.495408738576148e+005,1.260780e-008,1.194936e-008
5.623413251903391e+005,1.233997e-008,1.167737e-008
5.754399373371467e+005,1.207866e-008,1.141156e-008
5.888436553555785e+005,1.182371e-008,1.115180e-008
6.025595860743470e+005,1.157499e-008,1.089796e-008
6.165950018614712e+005,1.133238e-008,1.064989e-008
6.309573444801820e+005,1.109573e-008,1.040747e-008
6.456542290346441e+005,1.086492e-008,1.017057e-008
6.606934480075843e+005,1.063983e-008,9.939060e-009
6.760829753919698e+005,1.042032e-008,9.712819e-009
6.918309709189242e+005,1.020629e-008,9.491727e-009
7.079457843841253e+005,9.997621e-009,9.275666e-009
7.244359600749771e+005,9.794189e-009,9.064524e-009
7.413102413009043e+005,9.595888e-009,8.858187e-009
7.585775750291703e+005,9.402608e-009,8.656547e-009
7.762471166286779e+005,9.214243e-009,8.459496e-009
7.943282347242674e+005,9.030688e-009,8.266930e-009
8.128305161640848e+005,8.851842e-009,8.078747e-009
8.317637711026561e+005,8.677604e-009,7.894847e-009
8.511380382023612e+005,8.507878e-009,7.715133e-009
8.709635899560649e+005,8.342568e-009,7.539509e-009
8.912509381337294e+005,8.181580e-009,7.367883e-009
9.120108393558932e+005,8.024822e-009,7.200163e-009
9.332543007969741e+005,7.872206e-009,7.036260e-009
9.549925860214186e+005,7.723644e-009,6.876089e-009
9.772372209557928e+005,7.579050e-009,6.719562e-009
9.999999999999817e+005,7.438341e-009,6.566598e-009
1.023292992280735e+006,7.301432e-009,6.417116e-009
1.047128548050880e+006,7.168245e-009,6.271036e-009
1.071519305237587e+006,7.038699e-009,6.128281e-009
1.096478196143165e+006,6.912718e-009,5.988775e-009
1.122018454301943e+006,6.790224e-009,5.852444e-009
1.148153621496861e+006,6.671144e-009,5.719216e-009
1.174897554939508e+006,6.555403e-009,5.589020e-009
1.202264434617390e+006,6.442932e-009,5.461788e-009
1.230268770812359e+006,6.333657e-009,5.337452e-009
1.258925411794144e+006,6.227510e-009,5.215945e-009
1.288249551693110e+006,6.124422e-009,5.097204e-009
1.318256738556382e+006,6.024328e-009,4.981166e-009
1.348962882591628e+006,5.927160e-009,4.867768e-009
1.380384264602859e+006,5.832853e-009,4.756951e-009
1.412537544622727e+006,5.741345e-009,4.648657e-009
1.445439770745900e+006,5.652571e-009,4.542827e-009
1.479108388168179e+006,5.566471e-009,4.439406e-009
1.513561248436179e+006,5.482983e-009,4.338339e-009
1.548816618912452e+006,5.402047e-009,4.239571e-009
1.584893192461083e+006,5.323605e-009,4.143052e-009
1.621810097358899e+006,5.247597e-009,4.048729e-009
1.659586907437529e+006,5.173967e-009,3.956554e-009
1.698243652461712e+006,5.102658e-009,3.866475e-009
1.737800828749342e+006,5.033615e-009,3.778447e-009
1.778279410038889e+006,4.966781e-009,3.692422e-009
1.819700858609949e+006,4.902104e-009,3.608355e-009
1.862087136662832e+006,4.839530e-009,3.526201e-009
1.905460717963211e+006,4.779005e-009,3.445917e-009
1.949844599758008e+006,4.720478e-009,3.367460e-009
1.995262314968841e+006,4.663899e-009,3.290788e-009
2.041737944669490e+006,4.609215e-009,3.215861e-009
2.089296130853999e+006,4.556379e-009,3.142639e-009
2.137962089502191e+006,4.505340e-009,3.071083e-009
2.187761623949510e+006,4.456050e-009,3.001156e-009
2.238721138568296e+006,4.408462e-009,2.932820e-009
2.290867652767729e+006,4.362529e-009,2.866039e-009
2.344228815319877e+006,4.318204e-009,2.800777e-009
2.398832919019444e+006,4.275443e-009,2.737000e-009
2.454708915684983e+006,4.234200e-009,2.674675e-009
2.511886431509531e+006,4.194432e-009,2.613768e-009
2.570395782768813e+006,4.156096e-009,2.554247e-009
2.630267991895330e+006,4.119149e-009,2.496080e-009
2.691534803926863e+006,4.083548e-009,2.439236e-009
2.754228703338112e+006,4.049255e-009,2.383685e-009
2.818382931264398e+006,4.016227e-009,2.329399e-009
2.884031503126549e+006,3.984426e-009,2.276348e-009
2.951209226666328e+006,3.953813e-009,2.224503e-009
3.019951720401957e+006,3.924351e-009,2.173838e-009
3.090295432513529e+006,3.896002e-009,2.124326e-009
3.162277660168317e+006,3.868729e-009,2.075940e-009
3.235936569296219e+006,3.842498e-009,2.028655e-009
3.311311214825845e+006,3.817274e-009,1.982445e-009
3.388441561391958e+006,3.793022e-009,1.937286e-009
3.467368504525248e+006,3.769710e-009,1.893155e-009
3.548133892335684e+006,3.747305e-009,1.850027e-009
3.630780547700941e+006,3.725775e-009,1.807880e-009
3.715352290971651e+006,3.705090e-009,1.766692e-009
3.801893963205536e+006,3.685220e-009,1.726441e-009
3.890451449942728e+006,3.666136e-009,1.687104e-009
3.981071705534893e+006,3.647809e-009,1.648663e-009
4.073802778041046e+006,3.630211e-009,1.611095e-009
4.168693834703270e+006,3.613315e-009,1.574382e-009
4.265795188015841e+006,3.597096e-009,1.538504e-009
4.365158322401572e+006,3.581528e-009,1.503441e-009
4.466835921509542e+006,3.566586e-009,1.469176e-009
4.570881896148658e+006,3.552246e-009,1.435689e-009
4.677351412871888e+006,3.538485e-009,1.402964e-009
4.786300923226287e+006,3.525281e-009,1.370982e-009
4.897788193684363e+006,3.512610e-009,1.339728e-009
5.011872336272622e+006,3.500453e-009,1.309183e-009
5.128613839913545e+006,3.488789e-009,1.279333e-009
5.248074602497620e+006,3.477597e-009,1.250162e-009
5.370317963702418e+006,3.466859e-009,1.221653e-009
5.495408738576134e+006,3.456556e-009,1.193792e-009
5.623413251903377e+006,3.446669e-009,1.166564e-009
5.754399373371452e+006,3.437182e-009,1.139954e-009
5.888436553555770e+006,3.428078e-009,1.113949e-009
6.025595860743455e+006,3.419339e-009,1.088534e-009
6.165950018614695e+006,3.410952e-009,1.063697e-009
6.309573444801803e+006,3.402899e-009,1.039424e-009
6.456542290346422e+006,3.395166e-009,1.015701e-009
6.606934480075824e+006,3.387740e-009,9.925177e-010
6.760829753919679e+006,3.380606e-009,9.698603e-010
6.918309709189222e+006,3.373751e-009,9.477172e-010
7.079457843841233e+006,3.367163e-009,9.260766e-010
7.244359600749752e+006,3.360828e-009,9.049270e-010
7.413102413009022e+006,3.354735e-009,8.842573e-010
7.585775750291681e+006,3.348872e-009,8.640564e-010
7.762471166286756e+006,3.343228e-009,8.443137e-010
7.943282347242650e+006,3.337792e-009,8.250187e-010
8.128305161640823e+006,3.332554e-009,8.061612e-010
8.317637711026536e+006,3.327503e-009,7.877312e-010
8.511380382023586e+006,3.322629e-009,7.697188e-010
8.709635899560623e+006,3.317924e-009,7.521146e-010
8.912509381337266e+006,3.313377e-009,7.349094e-010
9.120108393558905e+006,3.308980e-009,7.180937e-010
9.332543007969713e+006,3.304725e-009,7.016588e-010
9.549925860214157e+006,3.300602e-009,6.855961e-010
9.772372209557900e+006,3.296603e-009,6.698970e-010
9.999999999999788e+006,3.292721e-009,6.545530e-010
1.023292992280732e+007,3.288948e-009,6.395562e-010
1.047128548050877e+007,3.285276e-009,6.248986e-010
1.071519305237583e+007,3.281698e-009,6.105724e-010
1.096478196143162e+007,3.278206e-009,5.965701e-010
1.122018454301939e+007,3.274795e-009,5.828841e-010
1.148153621496858e+007,3.271456e-009,5.695073e-010
1.174897554939504e+007,3.268183e-009,5.564326e-010
1.202264434617387e+007,3.264969e-009,5.436530e-010
1.230268770812355e+007,3.261808e-009,5.311618e-010
1.258925411794140e+007,3.258694e-009,5.189523e-010
1.288249551693106e+007,3.255621e-009,5.070182e-010
1.318256738556379e+007,3.252581e-009,4.953530e-010
1.348962882591625e+007,3.249570e-009,4.839507e-010
1.380384264602855e+007,3.246580e-009,4.728051e-010
1.412537544622724e+007,3.243606e-009,4.619104e-010
1.445439770745896e+007,3.240643e-009,4.512608e-010
1.479108388168175e+007,3.237683e-009,4.408507e-010
1.513561248436175e+007,3.234722e-009,4.306746e-010
1.548816618912448e+007,3.231753e-009,4.207270e-010
1.584893192461079e+007,3.228770e-009,4.110028e-010
1.621810097358895e+007,3.225768e-009,4.014968e-010
1.659586907437524e+007,3.222741e-009,3.922040e-010
1.698243652461707e+007,3.219682e-009,3.831195e-010
1.737800828749337e+007,3.216586e-009,3.742384e-010
1.778279410038884e+007,3.213447e-009,3.655561e-010
1.819700858609944e+007,3.210259e-009,3.570680e-010
1.862087136662827e+007,3.207016e-009,3.487697e-010
1.905460717963205e+007,3.203711e-009,3.406568e-010
1.949844599758003e+007,3.200338e-009,3.327249e-010
1.995262314968836e+007,3.196892e-009,3.249700e-010
2.041737944669485e+007,3.193365e-009,3.173879e-010
2.089296130853994e+007,3.189752e-009,3.099747e-010
2.137962089502185e+007,3.186045e-009,3.027265e-010
2.187761623949505e+007,3.182239e-009,2.956394e-010
2.238721138568290e+007,3.178326e-009,2.887098e-010
2.290867652767723e+007,3.174299e-009,2.819340e-010
2.344228815319870e+007,3.170151e-009,2.753085e-010
2.398832919019438e+007,3.165876e-009,2.688298e-010
2.454708915684976e+007,3.161466e-009,2.624945e-010
2.511886431509525e+007,3.156914e-009,2.562994e-010
2.570395782768807e+007,3.152212e-009,2.502412e-010
2.630267991895324e+007,3.147352e-009,2.443168e-010
2.691534803926856e+007,3.142327e-009,2.385230e-010
2.754228703338105e+007,3.137129e-009,2.328570e-010
2.818382931264391e+007,3.131749e-009,2.273157e-010
2.884031503126542e+007,3.126180e-009,2.218964e-010
2.951209226666320e+007,3.120413e-009,2.165962e-010
3.019951720401949e+007,3.114441e-009,2.114123e-010
3.090295432513522e+007,3.108253e-009,2.063423e-010
3.162277660168309e+007,3.101842e-009,2.013834e-010
3.235936569296210e+007,3.095199e-009,1.965332e-010
3.311311214825837e+007,3.088314e-009,1.917891e-010
3.388441561391950e+007,3.081180e-009,1.871488e-010
3.467368504525239e+007,3.073787e-009,1.826100e-010
3.548133892335676e+007,3.066124e-009,1.781704e-010
3.630780547700933e+007,3.058185e-009,1.738276e-010
3.715352290971643e+007,3.049959e-009,1.695798e-010
3.801893963205528e+007,3.041437e-009,1.654245e-010
3.890451449942719e+007,3.032609e-009,1.613600e-010
3.981071705534884e+007,3.023467e-009,1.573840e-010
4.073802778041036e+007,3.014002e-009,1.534948e-010
4.168693834703261e+007,3.004204e-009,1.496904e-010
4.265795188015831e+007,2.994064e-009,1.459690e-010
4.365158322401562e+007,2.983573e-009,1.423288e-010
4.466835921509531e+007,2.972723e-009,1.387681e-010
4.570881896148648e+007,2.961504e-009,1.352851e-010
4.677351412871877e+007,2.949909e-009,1.318783e-010
4.786300923226276e+007,2.937930e-009,1.285460e-010
4.897788193684352e+007,2.925559e-009,1.252868e-010
5.011872336272611e+007,2.912788e-009,1.220991e-010
5.128613839913534e+007,2.899610e-009,1.189815e-010
5.248074602497608e+007,2.886018e-009,1.159325e-010
5.370317963702407e+007,2.872007e-009,1.129508e-010
5.495408738576122e+007,2.857570e-009,1.100350e-010
5.623413251903364e+007,2.842702e-009,1.071840e-010
5.754399373371439e+007,2.827399e-009,1.043963e-010
5.888436553555757e+007,2.811656e-009,1.016709e-010
6.025595860743441e+007,2.795471e-009,9.900648e-011
6.165950018614683e+007,2.778841e-009,9.640198e-011
6.309573444801790e+007,2.761763e-009,9.385627e-011
6.456542290346409e+007,2.744236e-009,9.136828e-011
6.606934480075811e+007,2.726261e-009,8.893697e-011
6.760829753919666e+007,2.707838e-009,8.656133e-011
6.918309709189209e+007,2.688967e-009,8.424036e-011
7.079457843841220e+007,2.669653e-009,8.197311e-011
7.244359600749739e+007,2.649897e-009,7.975865e-011
7.413102413009009e+007,2.629704e-009,7.759608e-011
7.585775750291668e+007,2.609080e-009,7.548449e-011
7.762471166286743e+007,2.588030e-009,7.342303e-011
7.943282347242636e+007,2.566562e-009,7.141086e-011
8.128305161640808e+007,2.544684e-009,6.944714e-011
8.317637711026521e+007,2.522405e-009,6.753106e-011
8.511380382023571e+007,2.499736e-009,6.566183e-011
8.709635899560608e+007,2.476687e-009,6.383866e-011
8.912509381337252e+007,2.453271e-009,6.206077e-011
9.120108393558890e+007,2.429501e-009,6.032742e-011
9.332543007969697e+007,2.405390e-009,5.863784e-011
9.549925860214141e+007,2.380955e-009,5.699130e-011
9.772372209557883e+007,2.356209e-009,5.538706e-011
1.000000000000000e+008,2.331171e-009,5.382439e-011
