frequency,V(onoise),V(rs)
1.000000000000000e+000,1.672147e-006,1.661641e-006
1.023292992280754e+000,1.671918e-006,1.661641e-006
1.047128548050899e+000,1.671695e-006,1.661641e-006
1.071519305237606e+000,1.671477e-006,1.661641e-006
1.096478196143185e+000,1.671264e-006,1.661641e-006
1.122018454301963e+000,1.671055e-006,1.661641e-006
1.148153621496882e+000,1.670852e-006,1.661641e-006
1.174897554939529e+000,1.670652e-006,1.661641e-006
1.202264434617413e+000,1.670458e-006,1.661641e-006
1.230268770812381e+000,1.670268e-006,1.661641e-006
1.258925411794167e+000,1.670082e-006,1.661641e-006
1.288249551693134e+000,1.669900e-006,1.661641e-006
1.318256738556407e+000,1.669723e-006,1.661641e-006
1.348962882591653e+000,1.669549e-006,1.661641e-006
1.380384264602885e+000,1.669380e-006,1.661641e-006
1.412537544622754e+000,1.669214e-006,1.661641e-006
1.445439770745927e+000,1.669052e-006,1.661641e-006
1.479108388168207e+000,1.668893e-006,1.661641e-006
1.513561248436208e+000,1.668739e-006,1.661641e-006
1.548816618912481e+000,1.668588e-006,1.661641e-006
1.584893192461113e+000,1.668440e-006,1.661641e-006
1.621810097358929e+000,1.668295e-006,1.661641e-006
1.659586907437560e+000,1.668154e-006,1.661641e-006
1.698243652461744e+000,1.668016e-006,1.661641e-006
1.737800828749375e+000,1.667881e-006,1.661641e-006
1.778279410038922e+000,1.667750e-006,1.661641e-006
1.819700858609982e+000,1.667621e-006,1.661640e-006
1.862087136662866e+000,1.667495e-006,1.661640e-006
1.905460717963246e+000,1.667372e-006,1.661640e-006
1.949844599758044e+000,1.667252e-006,1.661640e-006
1.995262314968878e+000,1.667134e-006,1.661640e-006
2.041737944669527e+000,1.667019e-006,1.661640e-006
2.089296130854037e+000,1.666907e-006,1.661640e-006
2.137962089502230e+000,1.666797e-006,1.661640e-006
2.187761623949550e+000,1.666690e-006,1.661640e-006
2.238721138568337e+000,1.666585e-006,1.661640e-006
2.290867652767771e+000,1.666483e-006,1.661640e-006
2.344228815319919e+000,1.666383e-006,1.661640e-006
2.398832919019488e+000,1.666285e-006,1.661640e-006
2.454708915685028e+000,1.666190e-006,1.661640e-006
2.511886431509577e+000,1.666096e-006,1.661640e-006
2.570395782768860e+000,1.666005e-006,1.661640e-006
2.630267991895378e+000,1.665916e-006,1.661640e-006
2.691534803926912e+000,1.665829e-006,1.661640e-006
2.754228703338163e+000,1.665743e-006,1.661640e-006
2.818382931264450e+000,1.665660e-006,1.661640e-006
2.884031503126602e+000,1.665579e-006,1.661640e-006
2.951209226666381e+000,1.665499e-006,1.661640e-006
3.019951720402012e+000,1.665422e-006,1.661640e-006
3.090295432513586e+000,1.665346e-006,1.661640e-006
3.162277660168374e+000,1.665271e-006,1.661640e-006
3.235936569296277e+000,1.665199e-006,1.661640e-006
3.311311214825905e+000,1.665128e-006,1.661640e-006
3.388441561392020e+000,1.665059e-006,1.661640e-006
3.467368504525310e+000,1.664991e-006,1.661640e-006
3.548133892335748e+000,1.664925e-006,1.661640e-006
3.630780547701007e+000,1.664860e-006,1.661640e-006
3.715352290971719e+000,1.664797e-006,1.661640e-006
3.801893963205605e+000,1.664735e-006,1.661640e-006
3.890451449942799e+000,1.664675e-006,1.661640e-006
3.981071705534965e+000,1.664616e-006,1.661640e-006
4.073802778041119e+000,1.664558e-006,1.661640e-006
4.168693834703346e+000,1.664501e-006,1.661640e-006
4.265795188015918e+000,1.664446e-006,1.661640e-006
4.365158322401651e+000,1.664392e-006,1.661639e-006
4.466835921509622e+000,1.664340e-006,1.661639e-006
4.570881896148741e+000,1.664288e-006,1.661639e-006
4.677351412871972e+000,1.664238e-006,1.661639e-006
4.786300923226373e+000,1.664189e-006,1.661639e-006
4.897788193684452e+000,1.664141e-006,1.661639e-006
5.011872336272712e+000,1.664094e-006,1.661639e-006
5.128613839913638e+000,1.664048e-006,1.661639e-006
5.248074602497715e+000,1.664003e-006,1.661639e-006
5.370317963702516e+000,1.663960e-006,1.661639e-006
5.495408738576233e+000,1.663917e-006,1.661639e-006
5.623413251903478e+000,1.663875e-006,1.661639e-006
5.754399373371556e+000,1.663834e-006,1.661639e-006
5.888436553555876e+000,1.663794e-006,1.661638e-006
6.025595860743564e+000,1.663755e-006,1.661638e-006
6.165950018614807e+000,1.663717e-006,1.661638e-006
6.309573444801917e+000,1.663679e-006,1.661638e-006
6.456542290346540e+000,1.663643e-006,1.661638e-006
6.606934480075944e+000,1.663607e-006,1.661638e-006
6.760829753919802e+000,1.663572e-006,1.661638e-006
6.918309709189348e+000,1.663538e-006,1.661637e-006
7.079457843841362e+000,1.663505e-006,1.661637e-006
7.244359600749883e+000,1.663472e-006,1.661637e-006
7.413102413009157e+000,1.663440e-006,1.661637e-006
7.585775750291819e+000,1.663409e-006,1.661637e-006
7.762471166286898e+000,1.663379e-006,1.661637e-006
7.943282347242795e+000,1.663349e-006,1.661636e-006
8.128305161640972e+000,1.663320e-006,1.661636e-006
8.317637711026690e+000,1.663291e-006,1.661636e-006
8.511380382023743e+000,1.663264e-006,1.661636e-006
8.709635899560784e+000,1.663236e-006,1.661636e-006
8.912509381337431e+000,1.663210e-006,1.661635e-006
9.120108393559072e+000,1.663184e-006,1.661635e-006
9.332543007969884e+000,1.663158e-006,1.661635e-006
9.549925860214332e+000,1.663133e-006,1.661635e-006
9.772372209558078e+000,1.663109e-006,1.661634e-006
9.999999999999970e+000,1.663085e-006,1.661634e-006
1.023292992280751e+001,1.663062e-006,1.661634e-006
1.047128548050896e+001,1.663039e-006,1.661633e-006
1.071519305237603e+001,1.663017e-006,1.661633e-006
1.096478196143182e+001,1.662995e-006,1.661633e-006
1.122018454301960e+001,1.662974e-006,1.661632e-006
1.148153621496879e+001,1.662953e-006,1.661632e-006
1.174897554939526e+001,1.662933e-006,1.661631e-006
1.202264434617409e+001,1.662912e-006,1.661631e-006
1.230268770812378e+001,1.662893e-006,1.661630e-006
1.258925411794163e+001,1.662874e-006,1.661630e-006
1.288249551693130e+001,1.662855e-006,1.661629e-006
1.318256738556403e+001,1.662837e-006,1.661629e-006
1.348962882591649e+001,1.662819e-006,1.661628e-006
1.380384264602880e+001,1.662801e-006,1.661628e-006
1.412537544622749e+001,1.662784e-006,1.661627e-006
1.445439770745922e+001,1.662767e-006,1.661626e-006
1.479108388168202e+001,1.662750e-006,1.661626e-006
1.513561248436203e+001,1.662734e-006,1.661625e-006
1.548816618912476e+001,1.662718e-006,1.661624e-006
1.584893192461108e+001,1.662703e-006,1.661624e-006
1.621810097358924e+001,1.662687e-006,1.661623e-006
1.659586907437554e+001,1.662672e-006,1.661622e-006
1.698243652461738e+001,1.662658e-006,1.661621e-006
1.737800828749369e+001,1.662643e-006,1.661620e-006
1.778279410038916e+001,1.662629e-006,1.661619e-006
1.819700858609976e+001,1.662615e-006,1.661618e-006
1.862087136662860e+001,1.662601e-006,1.661617e-006
1.905460717963240e+001,1.662588e-006,1.661616e-006
1.949844599758038e+001,1.662575e-006,1.661615e-006
1.995262314968872e+001,1.662562e-006,1.661614e-006
2.041737944669522e+001,1.662549e-006,1.661612e-006
2.089296130854032e+001,1.662536e-006,1.661611e-006
2.137962089502224e+001,1.662524e-006,1.661610e-006
2.187761623949544e+001,1.662512e-006,1.661608e-006
2.238721138568331e+001,1.662500e-006,1.661607e-006
2.290867652767764e+001,1.662488e-006,1.661605e-006
2.344228815319913e+001,1.662476e-006,1.661603e-006
2.398832919019481e+001,1.662464e-006,1.661602e-006
2.454708915685020e+001,1.662453e-006,1.661600e-006
2.511886431509570e+001,1.662442e-006,1.661598e-006
2.570395782768853e+001,1.662431e-006,1.661596e-006
2.630267991895371e+001,1.662420e-006,1.661594e-006
2.691534803926904e+001,1.662409e-006,1.661591e-006
2.754228703338155e+001,1.662398e-006,1.661589e-006
2.818382931264442e+001,1.662387e-006,1.661587e-006
2.884031503126593e+001,1.662376e-006,1.661584e-006
2.951209226666373e+001,1.662366e-006,1.661581e-006
3.019951720402003e+001,1.662355e-006,1.661579e-006
3.090295432513577e+001,1.662345e-006,1.661576e-006
3.162277660168365e+001,1.662334e-006,1.661573e-006
3.235936569296268e+001,1.662324e-006,1.661570e-006
3.311311214825896e+001,1.662313e-006,1.661566e-006
3.388441561392011e+001,1.662303e-006,1.661563e-006
3.467368504525301e+001,1.662292e-006,1.661559e-006
3.548133892335738e+001,1.662282e-006,1.661555e-006
3.630780547700997e+001,1.662271e-006,1.661551e-006
3.715352290971708e+001,1.662261e-006,1.661547e-006
3.801893963205595e+001,1.662250e-006,1.661542e-006
3.890451449942788e+001,1.662239e-006,1.661538e-006
3.981071705534954e+001,1.662229e-006,1.661533e-006
4.073802778041109e+001,1.662218e-006,1.661528e-006
4.168693834703335e+001,1.662207e-006,1.661523e-006
4.265795188015907e+001,1.662196e-006,1.661517e-006
4.365158322401639e+001,1.662185e-006,1.661511e-006
4.466835921509610e+001,1.662173e-006,1.661505e-006
4.570881896148729e+001,1.662162e-006,1.661499e-006
4.677351412871960e+001,1.662150e-006,1.661492e-006
4.786300923226361e+001,1.662138e-006,1.661485e-006
4.897788193684438e+001,1.662126e-006,1.661478e-006
5.011872336272698e+001,1.662113e-006,1.661470e-006
5.128613839913624e+001,1.662101e-006,1.661462e-006
5.248074602497700e+001,1.662088e-006,1.661453e-006
5.370317963702501e+001,1.662075e-006,1.661445e-006
5.495408738576219e+001,1.662061e-006,1.661435e-006
5.623413251903463e+001,1.662047e-006,1.661426e-006
5.754399373371541e+001,1.662033e-006,1.661416e-006
5.888436553555861e+001,1.662018e-006,1.661405e-006
6.025595860743547e+001,1.662003e-006,1.661394e-006
6.165950018614791e+001,1.661988e-006,1.661382e-006
6.309573444801901e+001,1.661972e-006,1.661370e-006
6.456542290346522e+001,1.661956e-006,1.661357e-006
6.606934480075925e+001,1.661939e-006,1.661344e-006
6.760829753919782e+001,1.661921e-006,1.661330e-006
6.918309709189329e+001,1.661903e-006,1.661315e-006
7.079457843841342e+001,1.661885e-006,1.661300e-006
7.244359600749863e+001,1.661865e-006,1.661284e-006
7.413102413009136e+001,1.661845e-006,1.661267e-006
7.585775750291798e+001,1.661825e-006,1.661249e-006
7.762471166286876e+001,1.661803e-006,1.661231e-006
7.943282347242773e+001,1.661781e-006,1.661212e-006
8.128305161640949e+001,1.661758e-006,1.661192e-006
8.317637711026666e+001,1.661734e-006,1.661170e-006
8.511380382023719e+001,1.661709e-006,1.661148e-006
8.709635899560760e+001,1.661683e-006,1.661125e-006
8.912509381337408e+001,1.661656e-006,1.661101e-006
9.120108393559049e+001,1.661628e-006,1.661075e-006
9.332543007969861e+001,1.661599e-006,1.661049e-006
9.549925860214309e+001,1.661568e-006,1.661021e-006
9.772372209558054e+001,1.661537e-006,1.660992e-006
9.999999999999946e+001,1.661504e-006,1.660961e-006
1.023292992280749e+002,1.661470e-006,1.660929e-006
1.047128548050894e+002,1.661434e-006,1.660895e-006
1.071519305237600e+002,1.661396e-006,1.660860e-006
1.096478196143179e+002,1.661358e-006,1.660824e-006
1.122018454301957e+002,1.661317e-006,1.660785e-006
1.148153621496876e+002,1.661275e-006,1.660745e-006
1.174897554939523e+002,1.661230e-006,1.660703e-006
1.202264434617406e+002,1.661184e-006,1.660658e-006
1.230268770812374e+002,1.661136e-006,1.660612e-006
1.258925411794160e+002,1.661086e-006,1.660564e-006
1.288249551693126e+002,1.661033e-006,1.660513e-006
1.318256738556399e+002,1.660978e-006,1.660460e-006
1.348962882591646e+002,1.660921e-006,1.660404e-006
1.380384264602876e+002,1.660861e-006,1.660346e-006
1.412537544622746e+002,1.660798e-006,1.660285e-006
1.445439770745919e+002,1.660733e-006,1.660222e-006
1.479108388168199e+002,1.660665e-006,1.660155e-006
1.513561248436199e+002,1.660593e-006,1.660085e-006
1.548816618912472e+002,1.660518e-006,1.660012e-006
1.584893192461104e+002,1.660440e-006,1.659935e-006
1.621810097358920e+002,1.660359e-006,1.659855e-006
1.659586907437551e+002,1.660273e-006,1.659771e-006
1.698243652461734e+002,1.660184e-006,1.659683e-006
1.737800828749365e+002,1.660090e-006,1.659590e-006
1.778279410038912e+002,1.659992e-006,1.659494e-006
1.819700858609972e+002,1.659890e-006,1.659393e-006
1.862087136662856e+002,1.659783e-006,1.659287e-006
1.905460717963235e+002,1.659671e-006,1.659177e-006
1.949844599758033e+002,1.659554e-006,1.659061e-006
1.995262314968867e+002,1.659432e-006,1.658940e-006
2.041737944669516e+002,1.659303e-006,1.658813e-006
2.089296130854026e+002,1.659169e-006,1.658680e-006
2.137962089502218e+002,1.659029e-006,1.658541e-006
2.187761623949538e+002,1.658882e-006,1.658395e-006
2.238721138568325e+002,1.658729e-006,1.658242e-006
2.290867652767758e+002,1.658568e-006,1.658083e-006
2.344228815319906e+002,1.658400e-006,1.657916e-006
2.398832919019474e+002,1.658224e-006,1.657741e-006
2.454708915685014e+002,1.658040e-006,1.657558e-006
2.511886431509563e+002,1.657847e-006,1.657366e-006
2.570395782768846e+002,1.657645e-006,1.657165e-006
2.630267991895364e+002,1.657434e-006,1.656955e-006
2.691534803926897e+002,1.657213e-006,1.656735e-006
2.754228703338148e+002,1.656982e-006,1.656505e-006
2.818382931264435e+002,1.656741e-006,1.656264e-006
2.884031503126586e+002,1.656488e-006,1.656012e-006
2.951209226666366e+002,1.656223e-006,1.655748e-006
3.019951720401995e+002,1.655946e-006,1.655472e-006
3.090295432513569e+002,1.655656e-006,1.655183e-006
3.162277660168357e+002,1.655353e-006,1.654881e-006
3.235936569296260e+002,1.655035e-006,1.654564e-006
3.311311214825888e+002,1.654703e-006,1.654233e-006
3.388441561392002e+002,1.654356e-006,1.653886e-006
3.467368504525292e+002,1.653992e-006,1.653523e-006
3.548133892335729e+002,1.653612e-006,1.653144e-006
3.630780547700987e+002,1.653214e-006,1.652746e-006
3.715352290971698e+002,1.652797e-006,1.652331e-006
3.801893963205584e+002,1.652362e-006,1.651896e-006
3.890451449942777e+002,1.651906e-006,1.651441e-006
3.981071705534943e+002,1.651429e-006,1.650965e-006
4.073802778041097e+002,1.650930e-006,1.650467e-006
4.168693834703323e+002,1.650409e-006,1.649946e-006
4.265795188015895e+002,1.649863e-006,1.649400e-006
4.365158322401627e+002,1.649292e-006,1.648830e-006
4.466835921509598e+002,1.648695e-006,1.648234e-006
4.570881896148716e+002,1.648070e-006,1.647610e-006
4.677351412871947e+002,1.647417e-006,1.646957e-006
4.786300923226348e+002,1.646734e-006,1.646275e-006
4.897788193684425e+002,1.646020e-006,1.645561e-006
5.011872336272685e+002,1.645273e-006,1.644815e-006
5.128613839913610e+002,1.644492e-006,1.644035e-006
5.248074602497686e+002,1.643675e-006,1.643219e-006
5.370317963702487e+002,1.642821e-006,1.642365e-006
5.495408738576203e+002,1.641928e-006,1.641473e-006
5.623413251903447e+002,1.640995e-006,1.640541e-006
5.754399373371524e+002,1.640020e-006,1.639566e-006
5.888436553555844e+002,1.639001e-006,1.638548e-006
6.025595860743530e+002,1.637935e-006,1.637483e-006
6.165950018614773e+002,1.636822e-006,1.636370e-006
6.309573444801882e+002,1.635658e-006,1.635207e-006
6.456542290346504e+002,1.634443e-006,1.633993e-006
6.606934480075908e+002,1.633173e-006,1.632723e-006
6.760829753919763e+002,1.631846e-006,1.631398e-006
6.918309709189309e+002,1.630461e-006,1.630013e-006
7.079457843841321e+002,1.629014e-006,1.628566e-006
7.244359600749841e+002,1.627503e-006,1.627056e-006
7.413102413009113e+002,1.625925e-006,1.625479e-006
7.585775750291774e+002,1.624278e-006,1.623832e-006
7.762471166286852e+002,1.622558e-006,1.622114e-006
7.943282347242747e+002,1.620763e-006,1.620320e-006
8.128305161640923e+002,1.618890e-006,1.618448e-006
8.317637711026639e+002,1.616936e-006,1.616494e-006
8.511380382023692e+002,1.614897e-006,1.614456e-006
8.709635899560732e+002,1.612771e-006,1.612330e-006
8.912509381337379e+002,1.610553e-006,1.610114e-006
9.120108393559019e+002,1.608241e-006,1.607802e-006
9.332543007969830e+002,1.605830e-006,1.605392e-006
9.549925860214277e+002,1.603317e-006,1.602880e-006
9.772372209558022e+002,1.600698e-006,1.600262e-006
9.999999999999913e+002,1.597970e-006,1.597535e-006
1.023292992280745e+003,1.595128e-006,1.594694e-006
1.047128548050890e+003,1.592168e-006,1.591735e-006
1.071519305237597e+003,1.589087e-006,1.588655e-006
1.096478196143175e+003,1.585879e-006,1.585448e-006
1.122018454301953e+003,1.582541e-006,1.582111e-006
1.148153621496872e+003,1.579068e-006,1.578639e-006
1.174897554939519e+003,1.575455e-006,1.575028e-006
1.202264434617402e+003,1.571699e-006,1.571273e-006
1.230268770812370e+003,1.567795e-006,1.567370e-006
1.258925411794156e+003,1.563738e-006,1.563314e-006
1.288249551693122e+003,1.559523e-006,1.559100e-006
1.318256738556395e+003,1.555145e-006,1.554724e-006
1.348962882591641e+003,1.550601e-006,1.550181e-006
1.380384264602872e+003,1.545885e-006,1.545467e-006
1.412537544622741e+003,1.540992e-006,1.540576e-006
1.445439770745914e+003,1.535919e-006,1.535504e-006
1.479108388168193e+003,1.530660e-006,1.530246e-006
1.513561248436194e+003,1.525210e-006,1.524798e-006
1.548816618912467e+003,1.519565e-006,1.519155e-006
1.584893192461099e+003,1.513721e-006,1.513313e-006
1.621810097358915e+003,1.507674e-006,1.507267e-006
1.659586907437545e+003,1.501418e-006,1.501013e-006
1.698243652461728e+003,1.494951e-006,1.494547e-006
1.737800828749359e+003,1.488267e-006,1.487865e-006
1.778279410038906e+003,1.481363e-006,1.480964e-006
1.819700858609966e+003,1.474237e-006,1.473839e-006
1.862087136662849e+003,1.466883e-006,1.466487e-006
1.905460717963229e+003,1.459300e-006,1.458906e-006
1.949844599758026e+003,1.451484e-006,1.451092e-006
1.995262314968860e+003,1.443432e-006,1.443043e-006
2.041737944669509e+003,1.435144e-006,1.434757e-006
2.089296130854019e+003,1.426615e-006,1.426231e-006
2.137962089502211e+003,1.417846e-006,1.417464e-006
2.187761623949531e+003,1.408835e-006,1.408456e-006
2.238721138568317e+003,1.399581e-006,1.399204e-006
2.290867652767750e+003,1.390083e-006,1.389709e-006
2.344228815319898e+003,1.380343e-006,1.379971e-006
2.398832919019466e+003,1.370359e-006,1.369990e-006
2.454708915685005e+003,1.360134e-006,1.359768e-006
2.511886431509554e+003,1.349669e-006,1.349305e-006
2.570395782768837e+003,1.338965e-006,1.338604e-006
2.630267991895355e+003,1.328025e-006,1.327667e-006
2.691534803926887e+003,1.316852e-006,1.316498e-006
2.754228703338138e+003,1.305450e-006,1.305098e-006
2.818382931264424e+003,1.293822e-006,1.293474e-006
2.884031503126575e+003,1.281973e-006,1.281628e-006
2.951209226666354e+003,1.269908e-006,1.269566e-006
3.019951720401984e+003,1.257633e-006,1.257294e-006
3.090295432513557e+003,1.245153e-006,1.244818e-006
3.162277660168345e+003,1.232475e-006,1.232144e-006
3.235936569296248e+003,1.219606e-006,1.219278e-006
3.311311214825875e+003,1.206554e-006,1.206229e-006
3.388441561391989e+003,1.193326e-006,1.193005e-006
3.467368504525279e+003,1.179930e-006,1.179612e-006
3.548133892335716e+003,1.166375e-006,1.166061e-006
3.630780547700973e+003,1.152671e-006,1.152361e-006
3.715352290971684e+003,1.138826e-006,1.138520e-006
3.801893963205570e+003,1.124851e-006,1.124548e-006
3.890451449942763e+003,1.110754e-006,1.110455e-006
3.981071705534928e+003,1.096547e-006,1.096252e-006
4.073802778041082e+003,1.082240e-006,1.081948e-006
4.168693834703307e+003,1.067842e-006,1.067555e-006
4.265795188015879e+003,1.053366e-006,1.053082e-006
4.365158322401610e+003,1.038821e-006,1.038541e-006
4.466835921509581e+003,1.024218e-006,1.023942e-006
4.570881896148699e+003,1.009568e-006,1.009296e-006
4.677351412871929e+003,9.948824e-007,9.946140e-007
4.786300923226329e+003,9.801713e-007,9.799068e-007
4.897788193684407e+003,9.654455e-007,9.651849e-007
5.011872336272666e+003,9.507156e-007,9.504588e-007
5.128613839913590e+003,9.359919e-007,9.357390e-007
5.248074602497666e+003,9.212847e-007,9.210356e-007
5.370317963702466e+003,9.066039e-007,9.063587e-007
5.495408738576182e+003,8.919594e-007,8.917181e-007
5.623413251903426e+003,8.773606e-007,8.771232e-007
5.754399373371502e+003,8.628169e-007,8.625832e-007
5.888436553555821e+003,8.483372e-007,8.481073e-007
6.025595860743507e+003,8.339302e-007,8.337041e-007
6.165950018614749e+003,8.196041e-007,8.193817e-007
6.309573444801858e+003,8.053669e-007,8.051483e-007
6.456542290346478e+003,7.912263e-007,7.910114e-007
6.606934480075881e+003,7.771895e-007,7.769783e-007
6.760829753919737e+003,7.632635e-007,7.630559e-007
6.918309709189281e+003,7.494548e-007,7.492507e-007
7.079457843841294e+003,7.357695e-007,7.355690e-007
7.244359600749813e+003,7.222134e-007,7.220165e-007
7.413102413009085e+003,7.087920e-007,7.085985e-007
7.585775750291745e+003,6.955103e-007,6.953202e-007
7.762471166286822e+003,6.823730e-007,6.821863e-007
7.943282347242717e+003,6.693843e-007,6.692009e-007
8.128305161640892e+003,6.565483e-007,6.563682e-007
8.317637711026608e+003,6.438684e-007,6.436916e-007
8.511380382023659e+003,6.313481e-007,6.311745e-007
8.709635899560699e+003,6.189902e-007,6.188199e-007
8.912509381337344e+003,6.067974e-007,6.066301e-007
9.120108393558983e+003,5.947718e-007,5.946076e-007
9.332543007969793e+003,5.829156e-007,5.827544e-007
9.549925860214238e+003,5.712304e-007,5.710722e-007
9.772372209557982e+003,5.597176e-007,5.595623e-007
9.999999999999871e+003,5.483784e-007,5.482260e-007
1.023292992280741e+004,5.372136e-007,5.370640e-007
1.047128548050886e+004,5.262240e-007,5.260771e-007
1.071519305237592e+004,5.154099e-007,5.152658e-007
1.096478196143171e+004,5.047714e-007,5.046301e-007
1.122018454301949e+004,4.943088e-007,4.941700e-007
1.148153621496868e+004,4.840216e-007,4.838854e-007
1.174897554939514e+004,4.739095e-007,4.737758e-007
1.202264434617397e+004,4.639719e-007,4.638407e-007
1.230268770812365e+004,4.542082e-007,4.540794e-007
1.258925411794151e+004,4.446173e-007,4.444909e-007
1.288249551693117e+004,4.351983e-007,4.350742e-007
1.318256738556390e+004,4.259500e-007,4.258282e-007
1.348962882591636e+004,4.168711e-007,4.167515e-007
1.380384264602867e+004,4.079603e-007,4.078428e-007
1.412537544622735e+004,3.992159e-007,3.991006e-007
1.445439770745908e+004,3.906366e-007,3.905233e-007
1.479108388168187e+004,3.822204e-007,3.821092e-007
1.513561248436188e+004,3.739657e-007,3.738565e-007
1.548816618912460e+004,3.658707e-007,3.657634e-007
1.584893192461092e+004,3.579334e-007,3.578279e-007
1.621810097358908e+004,3.501519e-007,3.500483e-007
1.659586907437538e+004,3.425242e-007,3.424224e-007
1.698243652461721e+004,3.350482e-007,3.349481e-007
1.737800828749351e+004,3.277219e-007,3.276235e-007
1.778279410038898e+004,3.205431e-007,3.204463e-007
1.819700858609958e+004,3.135096e-007,3.134145e-007
1.862087136662842e+004,3.066194e-007,3.065258e-007
1.905460717963221e+004,2.998702e-007,2.997781e-007
1.949844599758018e+004,2.932597e-007,2.931691e-007
1.995262314968852e+004,2.867859e-007,2.866967e-007
2.041737944669501e+004,2.804464e-007,2.803586e-007
2.089296130854010e+004,2.742390e-007,2.741525e-007
2.137962089502202e+004,2.681615e-007,2.680763e-007
2.187761623949522e+004,2.622116e-007,2.621277e-007
2.238721138568308e+004,2.563872e-007,2.563045e-007
2.290867652767740e+004,2.506861e-007,2.506046e-007
2.344228815319889e+004,2.451059e-007,2.450255e-007
2.398832919019456e+004,2.396446e-007,2.395653e-007
2.454708915684995e+004,2.343000e-007,2.342217e-007
2.511886431509544e+004,2.290698e-007,2.289926e-007
2.570395782768826e+004,2.239520e-007,2.238758e-007
2.630267991895344e+004,2.189445e-007,2.188692e-007
2.691534803926876e+004,2.140451e-007,2.139707e-007
2.754228703338126e+004,2.092517e-007,2.091782e-007
2.818382931264412e+004,2.045624e-007,2.044897e-007
2.884031503126564e+004,1.999749e-007,1.999030e-007
2.951209226666342e+004,1.954875e-007,1.954163e-007
3.019951720401971e+004,1.910980e-007,1.910276e-007
3.090295432513544e+004,1.868046e-007,1.867348e-007
3.162277660168332e+004,1.826052e-007,1.825361e-007
3.235936569296234e+004,1.784980e-007,1.784295e-007
3.311311214825861e+004,1.744812e-007,1.744133e-007
3.388441561391974e+004,1.705528e-007,1.704854e-007
3.467368504525264e+004,1.667110e-007,1.666442e-007
3.548133892335701e+004,1.629541e-007,1.628877e-007
3.630780547700958e+004,1.592803e-007,1.592144e-007
3.715352290971669e+004,1.556879e-007,1.556224e-007
3.801893963205554e+004,1.521752e-007,1.521100e-007
3.890451449942747e+004,1.487405e-007,1.486756e-007
3.981071705534912e+004,1.453821e-007,1.453175e-007
4.073802778041065e+004,1.420984e-007,1.420341e-007
4.168693834703291e+004,1.388879e-007,1.388239e-007
4.265795188015862e+004,1.357490e-007,1.356852e-007
4.365158322401593e+004,1.326802e-007,1.326165e-007
4.466835921509563e+004,1.296799e-007,1.296164e-007
4.570881896148680e+004,1.267467e-007,1.266833e-007
4.677351412871909e+004,1.238792e-007,1.238158e-007
4.786300923226309e+004,1.210759e-007,1.210125e-007
4.897788193684386e+004,1.183354e-007,1.182721e-007
5.011872336272644e+004,1.156564e-007,1.155931e-007
5.128613839913568e+004,1.130376e-007,1.129741e-007
5.248074602497643e+004,1.104775e-007,1.104140e-007
5.370317963702443e+004,1.079751e-007,1.079114e-007
5.495408738576159e+004,1.055289e-007,1.054651e-007
5.623413251903402e+004,1.031377e-007,1.030737e-007
5.754399373371479e+004,1.008004e-007,1.007362e-007
5.888436553555797e+004,9.851582e-008,9.845132e-008
6.025595860743483e+004,9.628270e-008,9.621789e-008
6.165950018614724e+004,9.409994e-008,9.403480e-008
6.309573444801832e+004,9.196643e-008,9.190093e-008
6.456542290346453e+004,8.988110e-008,8.981519e-008
6.606934480075855e+004,8.784286e-008,8.777652e-008
6.760829753919710e+004,8.585069e-008,8.578387e-008
6.918309709189255e+004,8.390354e-008,8.383621e-008
7.079457843841266e+004,8.200043e-008,8.193256e-008
7.244359600749785e+004,8.014038e-008,8.007193e-008
7.413102413009056e+004,7.832242e-008,7.825336e-008
7.585775750291716e+004,7.654563e-008,7.647591e-008
7.762471166286792e+004,7.480907e-008,7.473867e-008
7.943282347242687e+004,7.311186e-008,7.304074e-008
8.128305161640862e+004,7.145312e-008,7.138123e-008
8.317637711026576e+004,6.983198e-008,6.975929e-008
8.511380382023628e+004,6.824761e-008,6.817407e-008
8.709635899560666e+004,6.669918e-008,6.662477e-008
8.912509381337311e+004,6.518589e-008,6.511056e-008
9.120108393558950e+004,6.370695e-008,6.363066e-008
9.332543007969759e+004,6.226158e-008,6.218430e-008
9.549925860214204e+004,6.084905e-008,6.077073e-008
9.772372209557948e+004,5.946861e-008,5.938920e-008
9.999999999999837e+004,5.811953e-008,5.803901e-008
1.023292992280737e+005,5.680112e-008,5.671944e-008
1.047128548050882e+005,5.551269e-008,5.542980e-008
1.071519305237589e+005,5.425356e-008,5.416942e-008
1.096478196143167e+005,5.302308e-008,5.293763e-008
1.122018454301945e+005,5.182059e-008,5.173381e-008
1.148153621496864e+005,5.064548e-008,5.055730e-008
1.174897554939510e+005,4.949711e-008,4.940751e-008
1.202264434617393e+005,4.837490e-008,4.828382e-008
1.230268770812361e+005,4.727825e-008,4.718564e-008
1.258925411794147e+005,4.620658e-008,4.611240e-008
1.288249551693113e+005,4.515934e-008,4.506353e-008
1.318256738556385e+005,4.413598e-008,4.403849e-008
1.348962882591631e+005,4.313594e-008,4.303673e-008
1.380384264602862e+005,4.215872e-008,4.205773e-008
1.412537544622731e+005,4.120380e-008,4.110097e-008
1.445439770745904e+005,4.027067e-008,4.016595e-008
1.479108388168183e+005,3.935883e-008,3.925217e-008
1.513561248436183e+005,3.846782e-008,3.835916e-008
1.548816618912456e+005,3.759717e-008,3.748645e-008
1.584893192461087e+005,3.674640e-008,3.663358e-008
1.621810097358903e+005,3.591509e-008,3.580008e-008
1.659586907437533e+005,3.510278e-008,3.498554e-008
1.698243652461716e+005,3.430904e-008,3.418951e-008
1.737800828749346e+005,3.353347e-008,3.341158e-008
1.778279410038893e+005,3.277564e-008,3.265133e-008
1.819700858609953e+005,3.203517e-008,3.190837e-008
1.862087136662836e+005,3.131166e-008,3.118231e-008
1.905460717963215e+005,3.060472e-008,3.047275e-008
1.949844599758012e+005,2.991399e-008,2.977933e-008
1.995262314968846e+005,2.923910e-008,2.910168e-008
2.041737944669495e+005,2.857969e-008,2.843944e-008
2.089296130854004e+005,2.793541e-008,2.779226e-008
2.137962089502196e+005,2.730593e-008,2.715980e-008
2.187761623949515e+005,2.669091e-008,2.654173e-008
2.238721138568301e+005,2.609002e-008,2.593771e-008
2.290867652767734e+005,2.550296e-008,2.534743e-008
2.344228815319882e+005,2.492940e-008,2.477058e-008
2.398832919019449e+005,2.436905e-008,2.420685e-008
2.454708915684988e+005,2.382160e-008,2.365595e-008
2.511886431509537e+005,2.328677e-008,2.311758e-008
2.570395782768819e+005,2.276428e-008,2.259145e-008
2.630267991895336e+005,2.225384e-008,2.207730e-008
2.691534803926869e+005,2.175519e-008,2.157484e-008
2.754228703338119e+005,2.126807e-008,2.108382e-008
2.818382931264405e+005,2.079222e-008,2.060396e-008
2.884031503126556e+005,2.032737e-008,2.013503e-008
2.951209226666334e+005,1.987330e-008,1.967676e-008
3.019951720401964e+005,1.942975e-008,1.922892e-008
3.090295432513537e+005,1.899650e-008,1.879127e-008
3.162277660168324e+005,1.857331e-008,1.836358e-008
3.235936569296226e+005,1.815995e-008,1.794562e-008
3.311311214825853e+005,1.775622e-008,1.753717e-008
3.388441561391967e+005,1.736189e-008,1.713802e-008
3.467368504525256e+005,1.697676e-008,1.674795e-008
3.548133892335693e+005,1.660061e-008,1.636675e-008
3.630780547700950e+005,1.623326e-008,1.599423e-008
3.715352290971660e+005,1.587451e-008,1.563019e-008
3.801893963205545e+005,1.552416e-008,1.527443e-008
3.890451449942738e+005,1.518204e-008,1.492676e-008
3.981071705534903e+005,1.484795e-008,1.458701e-008
4.073802778041056e+005,1.452172e-008,1.425499e-008
4.168693834703281e+005,1.420318e-008,1.393053e-008
4.265795188015852e+005,1.389216e-008,1.361345e-008
4.365158322401583e+005,1.358849e-008,1.330359e-008
4.466835921509552e+005,1.329201e-008,1.300078e-008
4.570881896148669e+005,1.300256e-008,1.270485e-008
4.677351412871899e+005,1.272000e-008,1.241567e-008
4.786300923226299e+005,1.244416e-008,1.213307e-008
4.897788193684375e+005,1.217490e-008,1.185689e-008
5.011872336272634e+005,1.191208e-008,1.158701e-008
5.128613839913558e+005,1.165555e-008,1.132326e-008
5.248074602497633e+005,1.140519e-008,1.106552e-008
5.370317963702432e+005,1.116085e-008,1.081365e-008
5.495408738576148e+005,1.092241e-008,1.056750e-008
5.623413251903391e+005,1.068973e-008,1.032696e-008
5.754399373371467e+005,1.046269e-008,1.009190e-008
5.888436553555785e+005,1.024118e-008,9.862180e-009
6.025595860743470e+005,1.002506e-008,9.637692e-009
6.165950018614712e+005,9.814234e-009,9.418314e-009
6.309573444801820e+005,9.608575e-009,9.203928e-009
6.456542290346441e+005,9.407977e-009,8.994422e-009
6.606934480075843e+005,9.212329e-009,8.789685e-009
6.760829753919698e+005,9.021526e-009,8.589607e-009
6.918309709189242e+005,8.835464e-009,8.394084e-009
7.079457843841253e+005,8.654043e-009,8.203010e-009
7.244359600749771e+005,8.477163e-009,8.016285e-009
7.413102413009043e+005,8.304728e-009,7.833810e-009
7.585775750291703e+005,8.136642e-009,7.655489e-009
7.762471166286779e+005,7.972813e-009,7.481225e-009
7.943282347242674e+005,7.813151e-009,7.310929e-009
8.128305161640848e+005,7.657569e-009,7.144509e-009
8.317637711026561e+005,7.505977e-009,6.981876e-009
8.511380382023612e+005,7.358294e-009,6.822945e-009
8.709635899560649e+005,7.214436e-009,6.667631e-009
8.912509381337294e+005,7.074322e-009,6.515853e-009
9.120108393558932e+005,6.937872e-009,6.367529e-009
9.332543007969741e+005,6.805010e-009,6.222581e-009
9.549925860214186e+005,6.675659e-009,6.080932e-009
9.772372209557928e+005,6.549746e-009,5.942506e-009
9.999999999999817e+005,6.427196e-009,5.807232e-009
1.023292992280735e+006,6.307940e-009,5.675037e-009
1.047128548050880e+006,6.191907e-009,5.545850e-009
1.071519305237587e+006,6.079029e-009,5.419604e-009
1.096478196143165e+006,5.969239e-009,5.296231e-009
1.122018454301943e+006,5.862471e-009,5.175667e-009
1.148153621496861e+006,5.758659e-009,5.057846e-009
1.174897554939508e+006,5.657742e-009,4.942707e-009
1.202264434617390e+006,5.559657e-009,4.830188e-009
1.230268770812359e+006,5.464343e-009,4.720231e-009
1.258925411794144e+006,5.371739e-009,4.612776e-009
1.288249551693110e+006,5.281787e-009,4.507767e-009
1.318256738556382e+006,5.194430e-009,4.405148e-009
1.348962882591628e+006,5.109610e-009,4.304864e-009
1.380384264602859e+006,5.027271e-009,4.206863e-009
1.412537544622727e+006,4.947358e-009,4.111092e-009
1.445439770745900e+006,4.869817e-009,4.017501e-009
1.479108388168179e+006,4.794594e-009,3.926041e-009
1.513561248436179e+006,4.721639e-009,3.836661e-009
1.548816618912452e+006,4.650897e-009,3.749316e-009
1.584893192461083e+006,4.582320e-009,3.663959e-009
1.621810097358899e+006,4.515856e-009,3.580545e-009
1.659586907437529e+006,4.451457e-009,3.499029e-009
1.698243652461712e+006,4.389073e-009,3.419368e-009
1.737800828749342e+006,4.328656e-009,3.341520e-009
1.778279410038889e+006,4.270160e-009,3.265443e-009
1.819700858609949e+006,4.213538e-009,3.191098e-009
1.862087136662832e+006,4.158743e-009,3.118446e-009
1.905460717963211e+006,4.105730e-009,3.047446e-009
1.949844599758008e+006,4.054455e-009,2.978062e-009
1.995262314968841e+006,4.004874e-009,2.910257e-009
2.041737944669490e+006,3.956943e-009,2.843996e-009
2.089296130853999e+006,3.910619e-009,2.779242e-009
2.137962089502191e+006,3.865861e-009,2.715962e-009
2.187761623949510e+006,3.822626e-009,2.654121e-009
2.238721138568296e+006,3.780874e-009,2.593688e-009
2.290867652767729e+006,3.740564e-009,2.534631e-009
2.344228815319877e+006,3.701656e-009,2.476917e-009
2.398832919019444e+006,3.664112e-009,2.420516e-009
2.454708915684983e+006,3.627893e-009,2.365399e-009
2.511886431509531e+006,3.592961e-009,2.311536e-009
2.570395782768813e+006,3.559278e-009,2.258898e-009
2.630267991895330e+006,3.526808e-009,2.207458e-009
2.691534803926863e+006,3.495516e-009,2.157189e-009
2.754228703338112e+006,3.465365e-009,2.108063e-009
2.818382931264398e+006,3.436321e-009,2.060055e-009
2.884031503126549e+006,3.408350e-009,2.013140e-009
2.951209226666328e+006,3.381418e-009,1.967291e-009
3.019951720401957e+006,3.355494e-009,1.922486e-009
3.090295432513529e+006,3.330543e-009,1.878700e-009
3.162277660168317e+006,3.306536e-009,1.835911e-009
3.235936569296219e+006,3.283442e-009,1.794094e-009
3.311311214825845e+006,3.261229e-009,1.753229e-009
3.388441561391958e+006,3.239870e-009,1.713294e-009
3.467368504525248e+006,3.219334e-009,1.674267e-009
3.548133892335684e+006,3.199595e-009,1.636127e-009
3.630780547700941e+006,3.180623e-009,1.598855e-009
3.715352290971651e+006,3.162394e-009,1.562431e-009
3.801893963205536e+006,3.144881e-009,1.526836e-009
3.890451449942728e+006,3.128057e-009,1.492049e-009
3.981071705534893e+006,3.111899e-009,1.458054e-009
4.073802778041046e+006,3.096383e-009,1.424832e-009
4.168693834703270e+006,3.081484e-009,1.392366e-009
4.265795188015841e+006,3.067181e-009,1.360637e-009
4.365158322401572e+006,3.053450e-009,1.329631e-009
4.466835921509542e+006,3.040270e-009,1.299329e-009
4.570881896148658e+006,3.027622e-009,1.269716e-009
4.677351412871888e+006,3.015483e-009,1.240776e-009
4.786300923226287e+006,3.003835e-009,1.212494e-009
4.897788193684363e+006,2.992657e-009,1.184855e-009
5.011872336272622e+006,2.981933e-009,1.157845e-009
5.128613839913545e+006,2.971643e-009,1.131448e-009
5.248074602497620e+006,2.961771e-009,1.105651e-009
5.370317963702418e+006,2.952299e-009,1.080440e-009
5.495408738576134e+006,2.943212e-009,1.055803e-009
5.623413251903377e+006,2.934492e-009,1.031725e-009
5.754399373371452e+006,2.926126e-009,1.008194e-009
5.888436553555770e+006,2.918099e-009,9.851975e-010
6.025595860743455e+006,2.910395e-009,9.627235e-010
6.165950018614695e+006,2.903002e-009,9.407600e-010
6.309573444801803e+006,2.895906e-009,9.192953e-010
6.456542290346422e+006,2.889093e-009,8.983180e-010
6.606934480075824e+006,2.882552e-009,8.778171e-010
6.760829753919679e+006,2.876271e-009,8.577816e-010
6.918309709189222e+006,2.870237e-009,8.382010e-010
7.079457843841233e+006,2.864440e-009,8.190647e-010
7.244359600749752e+006,2.858869e-009,8.003628e-010
7.413102413009022e+006,2.853513e-009,7.820852e-010
7.585775750291681e+006,2.848362e-009,7.642224e-010
7.762471166286756e+006,2.843406e-009,7.467648e-010
7.943282347242650e+006,2.838635e-009,7.297031e-010
8.128305161640823e+006,2.834041e-009,7.130284e-010
8.317637711026536e+006,2.829615e-009,6.967318e-010
8.511380382023586e+006,2.825348e-009,6.808046e-010
8.709635899560623e+006,2.821232e-009,6.652384e-010
8.912509381337266e+006,2.817258e-009,6.500250e-010
9.120108393558905e+006,2.813419e-009,6.351563e-010
9.332543007969713e+006,2.809708e-009,6.206243e-010
9.549925860214157e+006,2.806116e-009,6.064215e-010
9.772372209557900e+006,2.802637e-009,5.925403e-010
9.999999999999788e+006,2.799264e-009,5.789733e-010
1.023292992280732e+007,2.795991e-009,5.657133e-010
1.047128548050877e+007,2.792810e-009,5.527534e-010
1.071519305237583e+007,2.789715e-009,5.400866e-010
1.096478196143162e+007,2.786700e-009,5.277062e-010
1.122018454301939e+007,2.783759e-009,5.156057e-010
1.148153621496858e+007,2.780887e-009,5.037786e-010
1.174897554939504e+007,2.778077e-009,4.922188e-010
1.202264434617387e+007,2.775323e-009,4.809200e-010
1.230268770812355e+007,2.772621e-009,4.698763e-010
1.258925411794140e+007,2.769964e-009,4.590818e-010
1.288249551693106e+007,2.767347e-009,4.485309e-010
1.318256738556379e+007,2.764766e-009,4.382179e-010
1.348962882591625e+007,2.762214e-009,4.281374e-010
1.380384264602855e+007,2.759687e-009,4.182840e-010
1.412537544622724e+007,2.757179e-009,4.086526e-010
1.445439770745896e+007,2.754686e-009,3.992379e-010
1.479108388168175e+007,2.752203e-009,3.900351e-010
1.513561248436175e+007,2.749724e-009,3.810394e-010
1.548816618912448e+007,2.747244e-009,3.722458e-010
1.584893192461079e+007,2.744760e-009,3.636498e-010
1.621810097358895e+007,2.742265e-009,3.552468e-010
1.659586907437524e+007,2.739755e-009,3.470325e-010
1.698243652461707e+007,2.737225e-009,3.390023e-010
1.737800828749337e+007,2.734670e-009,3.311522e-010
1.778279410038884e+007,2.732085e-009,3.234780e-010
1.819700858609944e+007,2.729464e-009,3.159756e-010
1.862087136662827e+007,2.726804e-009,3.086410e-010
1.905460717963205e+007,2.724099e-009,3.014704e-010
1.949844599758003e+007,2.721343e-009,2.944600e-010
1.995262314968836e+007,2.718532e-009,2.876062e-010
2.041737944669485e+007,2.715660e-009,2.809053e-010
2.089296130853994e+007,2.712722e-009,2.743537e-010
2.137962089502185e+007,2.709712e-009,2.679481e-010
2.187761623949505e+007,2.706626e-009,2.616851e-010
2.238721138568290e+007,2.703457e-009,2.555614e-010
2.290867652767723e+007,2.700199e-009,2.495738e-010
2.344228815319870e+007,2.696848e-009,2.437191e-010
2.398832919019438e+007,2.693397e-009,2.379943e-010
2.454708915684976e+007,2.689840e-009,2.323964e-010
2.511886431509525e+007,2.686172e-009,2.269225e-010
2.570395782768807e+007,2.682385e-009,2.215696e-010
2.630267991895324e+007,2.678474e-009,2.163351e-010
2.691534803926856e+007,2.674432e-009,2.112162e-010
2.754228703338105e+007,2.670253e-009,2.062103e-010
2.818382931264391e+007,2.665930e-009,2.013147e-010
2.884031503126542e+007,2.661457e-009,1.965270e-010
2.951209226666320e+007,2.656826e-009,1.918446e-010
3.019951720401949e+007,2.652030e-009,1.872651e-010
3.090295432513522e+007,2.647063e-009,1.827863e-010
3.162277660168309e+007,2.641917e-009,1.784057e-010
3.235936569296210e+007,2.636585e-009,1.741212e-010
3.311311214825837e+007,2.631059e-009,1.699306e-010
3.388441561391950e+007,2.625333e-009,1.658317e-010
3.467368504525239e+007,2.619398e-009,1.618225e-010
3.548133892335676e+007,2.613247e-009,1.579009e-010
3.630780547700933e+007,2.606871e-009,1.540650e-010
3.715352290971643e+007,2.600264e-009,1.503129e-010
3.801893963205528e+007,2.593418e-009,1.466427e-010
3.890451449942719e+007,2.586324e-009,1.430525e-010
3.981071705534884e+007,2.578975e-009,1.395406e-010
4.073802778041036e+007,2.571363e-009,1.361053e-010
4.168693834703261e+007,2.563480e-009,1.327449e-010
4.265795188015831e+007,2.555318e-009,1.294577e-010
4.365158322401562e+007,2.546870e-009,1.262422e-010
4.466835921509531e+007,2.538128e-009,1.230968e-010
4.570881896148648e+007,2.529085e-009,1.200200e-010
4.677351412871877e+007,2.519732e-009,1.170104e-010
4.786300923226276e+007,2.510064e-009,1.140665e-010
4.897788193684352e+007,2.500072e-009,1.111870e-010
5.011872336272611e+007,2.489751e-009,1.083705e-010
5.128613839913534e+007,2.479094e-009,1.056157e-010
5.248074602497608e+007,2.468094e-009,1.029213e-010
5.370317963702407e+007,2.456745e-009,1.002863e-010
5.495408738576122e+007,2.445043e-009,9.770924e-011
5.623413251903364e+007,2.432981e-009,9.518913e-011
5.754399373371439e+007,2.420556e-009,9.272479e-011
5.888436553555757e+007,2.407763e-009,9.031517e-011
6.025595860743441e+007,2.394598e-009,8.795920e-011
6.165950018614683e+007,2.381059e-009,8.565587e-011
6.309573444801790e+007,2.367142e-009,8.340419e-011
6.456542290346409e+007,2.352845e-009,8.120321e-011
6.606934480075811e+007,2.338169e-009,7.905199e-011
6.760829753919666e+007,2.323110e-009,7.694963e-011
6.918309709189209e+007,2.307670e-009,7.489525e-011
7.079457843841220e+007,2.291850e-009,7.288800e-011
7.244359600749739e+007,2.275651e-009,7.092706e-011
7.413102413009009e+007,2.259075e-009,6.901162e-011
7.585775750291668e+007,2.242126e-009,6.714089e-011
7.762471166286743e+007,2.224807e-009,6.531411e-011
7.943282347242636e+007,2.207124e-009,6.353053e-011
8.128305161640808e+007,2.189081e-009,6.178941e-011
8.317637711026521e+007,2.170686e-009,6.009006e-011
8.511380382023571e+007,2.151946e-009,5.843178e-011
8.709635899560608e+007,2.132869e-009,5.681386e-011
8.912509381337252e+007,2.113464e-009,5.523565e-011
9.120108393558890e+007,2.093741e-009,5.369648e-011
9.332543007969697e+007,2.073710e-009,5.219569e-011
9.549925860214141e+007,2.053383e-009,5.073265e-011
9.772372209557883e+007,2.032773e-009,4.930671e-011
1.000000000000000e+008,2.011892e-009,4.791725e-011
