frequency,V(inoise),V(onoise)
1.000000000000000e+000,1.216842e-007,2.408605e-008
1.023292992280754e+000,1.199995e-007,2.404076e-008
1.047128548050899e+000,1.183429e-007,2.399633e-008
1.071519305237606e+000,1.167131e-007,2.395279e-008
1.096478196143185e+000,1.151087e-007,2.391014e-008
1.122018454301963e+000,1.135284e-007,2.386840e-008
1.148153621496882e+000,1.119707e-007,2.382759e-008
1.174897554939529e+000,1.104346e-007,2.378771e-008
1.202264434617413e+000,1.089188e-007,2.374879e-008
1.230268770812381e+000,1.074221e-007,2.371081e-008
1.258925411794167e+000,1.059436e-007,2.367378e-008
1.288249551693134e+000,1.044821e-007,2.363771e-008
1.318256738556407e+000,1.030368e-007,2.360260e-008
1.348962882591653e+000,1.016067e-007,2.356843e-008
1.380384264602885e+000,1.001910e-007,2.353521e-008
1.412537544622754e+000,9.878890e-008,2.350293e-008
1.445439770745927e+000,9.739971e-008,2.347159e-008
1.479108388168207e+000,9.602275e-008,2.344116e-008
1.513561248436208e+000,9.465741e-008,2.341165e-008
1.548816618912481e+000,9.330315e-008,2.338303e-008
1.584893192461113e+000,9.195949e-008,2.335530e-008
1.621810097358929e+000,9.062597e-008,2.332845e-008
1.659586907437560e+000,8.930223e-008,2.330245e-008
1.698243652461744e+000,8.798793e-008,2.327729e-008
1.737800828749375e+000,8.668280e-008,2.325295e-008
1.778279410038922e+000,8.538661e-008,2.322941e-008
1.819700858609982e+000,8.409918e-008,2.320667e-008
1.862087136662866e+000,8.282038e-008,2.318470e-008
1.905460717963246e+000,8.155011e-008,2.316347e-008
1.949844599758044e+000,8.028832e-008,2.314297e-008
1.995262314968878e+000,7.903498e-008,2.312319e-008
2.041737944669527e+000,7.779014e-008,2.310409e-008
2.089296130854037e+000,7.655384e-008,2.308567e-008
2.137962089502230e+000,7.532615e-008,2.306790e-008
2.187761623949550e+000,7.410719e-008,2.305076e-008
2.238721138568337e+000,7.289709e-008,2.303423e-008
2.290867652767771e+000,7.169601e-008,2.301829e-008
2.344228815319919e+000,7.050412e-008,2.300293e-008
2.398832919019488e+000,6.932161e-008,2.298812e-008
2.454708915685028e+000,6.814869e-008,2.297384e-008
2.511886431509577e+000,6.698556e-008,2.296008e-008
2.570395782768860e+000,6.583246e-008,2.294681e-008
2.630267991895378e+000,6.468960e-008,2.293402e-008
2.691534803926912e+000,6.355724e-008,2.292168e-008
2.754228703338163e+000,6.243559e-008,2.290979e-008
2.818382931264450e+000,6.132490e-008,2.289832e-008
2.884031503126602e+000,6.022540e-008,2.288725e-008
2.951209226666381e+000,5.913732e-008,2.287657e-008
3.019951720402012e+000,5.806088e-008,2.286627e-008
3.090295432513586e+000,5.699630e-008,2.285631e-008
3.162277660168374e+000,5.594380e-008,2.284670e-008
3.235936569296277e+000,5.490357e-008,2.283741e-008
3.311311214825905e+000,5.387581e-008,2.282843e-008
3.388441561392020e+000,5.286068e-008,2.281974e-008
3.467368504525310e+000,5.185837e-008,2.281132e-008
3.548133892335748e+000,5.086903e-008,2.280317e-008
3.630780547701007e+000,4.989281e-008,2.279527e-008
3.715352290971719e+000,4.892982e-008,2.278760e-008
3.801893963205605e+000,4.798020e-008,2.278016e-008
3.890451449942799e+000,4.704403e-008,2.277292e-008
3.981071705534965e+000,4.612142e-008,2.276588e-008
4.073802778041119e+000,4.521243e-008,2.275902e-008
4.168693834703346e+000,4.431714e-008,2.275233e-008
4.265795188015918e+000,4.343558e-008,2.274579e-008
4.365158322401651e+000,4.256779e-008,2.273940e-008
4.466835921509622e+000,4.171379e-008,2.273315e-008
4.570881896148741e+000,4.087360e-008,2.272701e-008
4.677351412871972e+000,4.004720e-008,2.272098e-008
4.786300923226373e+000,3.923459e-008,2.271506e-008
4.897788193684452e+000,3.843573e-008,2.270922e-008
5.011872336272712e+000,3.765059e-008,2.270345e-008
5.128613839913638e+000,3.687912e-008,2.269775e-008
5.248074602497715e+000,3.612126e-008,2.269211e-008
5.370317963702516e+000,3.537694e-008,2.268651e-008
5.495408738576233e+000,3.464609e-008,2.268093e-008
5.623413251903478e+000,3.392861e-008,2.267539e-008
5.754399373371556e+000,3.322441e-008,2.266985e-008
5.888436553555876e+000,3.253340e-008,2.266432e-008
6.025595860743564e+000,3.185545e-008,2.265877e-008
6.165950018614807e+000,3.119047e-008,2.265321e-008
6.309573444801917e+000,3.053831e-008,2.264762e-008
6.456542290346540e+000,2.989886e-008,2.264198e-008
6.606934480075944e+000,2.927198e-008,2.263630e-008
6.760829753919802e+000,2.865754e-008,2.263055e-008
6.918309709189348e+000,2.805538e-008,2.262473e-008
7.079457843841362e+000,2.746538e-008,2.261883e-008
7.244359600749883e+000,2.688738e-008,2.261284e-008
7.413102413009157e+000,2.632122e-008,2.260674e-008
7.585775750291819e+000,2.576675e-008,2.260053e-008
7.762471166286898e+000,2.522382e-008,2.259419e-008
7.943282347242795e+000,2.469227e-008,2.258772e-008
8.128305161640972e+000,2.417193e-008,2.258110e-008
8.317637711026690e+000,2.366264e-008,2.257432e-008
8.511380382023743e+000,2.316425e-008,2.256737e-008
8.709635899560784e+000,2.267658e-008,2.256025e-008
8.912509381337431e+000,2.219948e-008,2.255293e-008
9.120108393559072e+000,2.173277e-008,2.254541e-008
9.332543007969884e+000,2.127630e-008,2.253767e-008
9.549925860214332e+000,2.082990e-008,2.252971e-008
9.772372209558078e+000,2.039340e-008,2.252151e-008
9.999999999999970e+000,1.996665e-008,2.251306e-008
1.023292992280751e+001,1.954947e-008,2.250435e-008
1.047128548050896e+001,1.914172e-008,2.249536e-008
1.071519305237603e+001,1.874322e-008,2.248609e-008
1.096478196143182e+001,1.835382e-008,2.247653e-008
1.122018454301960e+001,1.797336e-008,2.246665e-008
1.148153621496879e+001,1.760169e-008,2.245645e-008
1.174897554939526e+001,1.723864e-008,2.244592e-008
1.202264434617409e+001,1.688406e-008,2.243504e-008
1.230268770812378e+001,1.653780e-008,2.242381e-008
1.258925411794163e+001,1.619972e-008,2.241221e-008
1.288249551693130e+001,1.586965e-008,2.240022e-008
1.318256738556403e+001,1.554746e-008,2.238785e-008
1.348962882591649e+001,1.523300e-008,2.237507e-008
1.380384264602880e+001,1.492612e-008,2.236188e-008
1.412537544622749e+001,1.462669e-008,2.234826e-008
1.445439770745922e+001,1.433456e-008,2.233421e-008
1.479108388168202e+001,1.404960e-008,2.231971e-008
1.513561248436203e+001,1.377168e-008,2.230476e-008
1.548816618912476e+001,1.350065e-008,2.228934e-008
1.584893192461108e+001,1.323638e-008,2.227345e-008
1.621810097358924e+001,1.297875e-008,2.225708e-008
1.659586907437554e+001,1.272764e-008,2.224022e-008
1.698243652461738e+001,1.248290e-008,2.222287e-008
1.737800828749369e+001,1.224443e-008,2.220501e-008
1.778279410038916e+001,1.201209e-008,2.218666e-008
1.819700858609976e+001,1.178577e-008,2.216779e-008
1.862087136662860e+001,1.156535e-008,2.214841e-008
1.905460717963240e+001,1.135071e-008,2.212851e-008
1.949844599758038e+001,1.114174e-008,2.210810e-008
1.995262314968872e+001,1.093833e-008,2.208717e-008
2.041737944669522e+001,1.074036e-008,2.206573e-008
2.089296130854032e+001,1.054772e-008,2.204378e-008
2.137962089502224e+001,1.036032e-008,2.202132e-008
2.187761623949544e+001,1.017804e-008,2.199836e-008
2.238721138568331e+001,1.000077e-008,2.197490e-008
2.290867652767764e+001,9.828418e-009,2.195096e-008
2.344228815319913e+001,9.660880e-009,2.192653e-008
2.398832919019481e+001,9.498057e-009,2.190164e-008
2.454708915685020e+001,9.339847e-009,2.187630e-008
2.511886431509570e+001,9.186157e-009,2.185051e-008
2.570395782768853e+001,9.036889e-009,2.182430e-008
2.630267991895371e+001,8.891950e-009,2.179768e-008
2.691534803926904e+001,8.751247e-009,2.177067e-008
2.754228703338155e+001,8.614688e-009,2.174329e-008
2.818382931264442e+001,8.482182e-009,2.171556e-008
2.884031503126593e+001,8.353640e-009,2.168751e-008
2.951209226666373e+001,8.228976e-009,2.165915e-008
3.019951720402003e+001,8.108101e-009,2.163051e-008
3.090295432513577e+001,7.990930e-009,2.160163e-008
3.162277660168365e+001,7.877378e-009,2.157252e-008
3.235936569296268e+001,7.767361e-009,2.154321e-008
3.311311214825896e+001,7.660798e-009,2.151374e-008
3.388441561392011e+001,7.557607e-009,2.148413e-008
3.467368504525301e+001,7.457707e-009,2.145441e-008
3.548133892335738e+001,7.361019e-009,2.142461e-008
3.630780547700997e+001,7.267465e-009,2.139477e-008
3.715352290971708e+001,7.176968e-009,2.136492e-008
3.801893963205595e+001,7.089450e-009,2.133508e-008
3.890451449942788e+001,7.004838e-009,2.130529e-008
3.981071705534954e+001,6.923055e-009,2.127558e-008
4.073802778041109e+001,6.844030e-009,2.124598e-008
4.168693834703335e+001,6.767689e-009,2.121652e-008
4.265795188015907e+001,6.693962e-009,2.118723e-008
4.365158322401639e+001,6.622778e-009,2.115814e-008
4.466835921509610e+001,6.554068e-009,2.112928e-008
4.570881896148729e+001,6.487763e-009,2.110067e-008
4.677351412871960e+001,6.423796e-009,2.107235e-008
4.786300923226361e+001,6.362102e-009,2.104433e-008
4.897788193684438e+001,6.302614e-009,2.101664e-008
5.011872336272698e+001,6.245269e-009,2.098931e-008
5.128613839913624e+001,6.190005e-009,2.096235e-008
5.248074602497700e+001,6.136758e-009,2.093578e-008
5.370317963702501e+001,6.085469e-009,2.090963e-008
5.495408738576219e+001,6.036077e-009,2.088392e-008
5.623413251903463e+001,5.988524e-009,2.085865e-008
5.754399373371541e+001,5.942753e-009,2.083384e-008
5.888436553555861e+001,5.898708e-009,2.080950e-008
6.025595860743547e+001,5.856333e-009,2.078566e-008
6.165950018614791e+001,5.815574e-009,2.076230e-008
6.309573444801901e+001,5.776378e-009,2.073946e-008
6.456542290346522e+001,5.738695e-009,2.071712e-008
6.606934480075925e+001,5.702474e-009,2.069531e-008
6.760829753919782e+001,5.667664e-009,2.067401e-008
6.918309709189329e+001,5.634219e-009,2.065324e-008
7.079457843841342e+001,5.602091e-009,2.063300e-008
7.244359600749863e+001,5.571235e-009,2.061329e-008
7.413102413009136e+001,5.541605e-009,2.059410e-008
7.585775750291798e+001,5.513160e-009,2.057545e-008
7.762471166286876e+001,5.485856e-009,2.055731e-008
7.943282347242773e+001,5.459653e-009,2.053970e-008
8.128305161640949e+001,5.434509e-009,2.052260e-008
8.317637711026666e+001,5.410388e-009,2.050601e-008
8.511380382023719e+001,5.387251e-009,2.048993e-008
8.709635899560760e+001,5.365061e-009,2.047435e-008
8.912509381337408e+001,5.343783e-009,2.045926e-008
9.120108393559049e+001,5.323383e-009,2.044465e-008
9.332543007969861e+001,5.303827e-009,2.043052e-008
9.549925860214309e+001,5.285083e-009,2.041686e-008
9.772372209558054e+001,5.267121e-009,2.040366e-008
9.999999999999946e+001,5.249909e-009,2.039090e-008
1.023292992280749e+002,5.233418e-009,2.037858e-008
1.047128548050894e+002,5.217621e-009,2.036670e-008
1.071519305237600e+002,5.202489e-009,2.035523e-008
1.096478196143179e+002,5.187997e-009,2.034417e-008
1.122018454301957e+002,5.174119e-009,2.033351e-008
1.148153621496876e+002,5.160831e-009,2.032324e-008
1.174897554939523e+002,5.148108e-009,2.031334e-008
1.202264434617406e+002,5.135929e-009,2.030382e-008
1.230268770812374e+002,5.124270e-009,2.029464e-008
1.258925411794160e+002,5.113111e-009,2.028582e-008
1.288249551693126e+002,5.102431e-009,2.027733e-008
1.318256738556399e+002,5.092212e-009,2.026917e-008
1.348962882591646e+002,5.082432e-009,2.026132e-008
1.380384264602876e+002,5.073075e-009,2.025377e-008
1.412537544622746e+002,5.064123e-009,2.024652e-008
1.445439770745919e+002,5.055560e-009,2.023956e-008
1.479108388168199e+002,5.047367e-009,2.023287e-008
1.513561248436199e+002,5.039531e-009,2.022645e-008
1.548816618912472e+002,5.032036e-009,2.022029e-008
1.584893192461104e+002,5.024869e-009,2.021438e-008
1.621810097358920e+002,5.018014e-009,2.020870e-008
1.659586907437551e+002,5.011458e-009,2.020325e-008
1.698243652461734e+002,5.005190e-009,2.019803e-008
1.737800828749365e+002,4.999196e-009,2.019302e-008
1.778279410038912e+002,4.993466e-009,2.018822e-008
1.819700858609972e+002,4.987987e-009,2.018362e-008
1.862087136662856e+002,4.982749e-009,2.017921e-008
1.905460717963235e+002,4.977741e-009,2.017498e-008
1.949844599758033e+002,4.972955e-009,2.017093e-008
1.995262314968867e+002,4.968379e-009,2.016705e-008
2.041737944669516e+002,4.964006e-009,2.016333e-008
2.089296130854026e+002,4.959825e-009,2.015977e-008
2.137962089502218e+002,4.955830e-009,2.015636e-008
2.187761623949538e+002,4.952011e-009,2.015310e-008
2.238721138568325e+002,4.948361e-009,2.014997e-008
2.290867652767758e+002,4.944873e-009,2.014698e-008
2.344228815319906e+002,4.941540e-009,2.014411e-008
2.398832919019474e+002,4.938355e-009,2.014137e-008
2.454708915685014e+002,4.935311e-009,2.013875e-008
2.511886431509563e+002,4.932402e-009,2.013624e-008
2.570395782768846e+002,4.929622e-009,2.013383e-008
2.630267991895364e+002,4.926967e-009,2.013153e-008
2.691534803926897e+002,4.924429e-009,2.012933e-008
2.754228703338148e+002,4.922005e-009,2.012723e-008
2.818382931264435e+002,4.919688e-009,2.012522e-008
2.884031503126586e+002,4.917474e-009,2.012329e-008
2.951209226666366e+002,4.915360e-009,2.012145e-008
3.019951720401995e+002,4.913340e-009,2.011969e-008
3.090295432513569e+002,4.911410e-009,2.011801e-008
3.162277660168357e+002,4.909565e-009,2.011640e-008
3.235936569296260e+002,4.907803e-009,2.011486e-008
3.311311214825888e+002,4.906120e-009,2.011339e-008
3.388441561392002e+002,4.904513e-009,2.011198e-008
3.467368504525292e+002,4.902977e-009,2.011063e-008
3.548133892335729e+002,4.901509e-009,2.010935e-008
3.630780547700987e+002,4.900108e-009,2.010812e-008
3.715352290971698e+002,4.898769e-009,2.010695e-008
3.801893963205584e+002,4.897490e-009,2.010582e-008
3.890451449942777e+002,4.896268e-009,2.010475e-008
3.981071705534943e+002,4.895101e-009,2.010372e-008
4.073802778041097e+002,4.893987e-009,2.010274e-008
4.168693834703323e+002,4.892922e-009,2.010180e-008
4.265795188015895e+002,4.891904e-009,2.010091e-008
4.365158322401627e+002,4.890933e-009,2.010005e-008
4.466835921509598e+002,4.890005e-009,2.009923e-008
4.570881896148716e+002,4.889118e-009,2.009845e-008
4.677351412871947e+002,4.888272e-009,2.009771e-008
4.786300923226348e+002,4.887463e-009,2.009699e-008
4.897788193684425e+002,4.886691e-009,2.009631e-008
5.011872336272685e+002,4.885953e-009,2.009566e-008
5.128613839913610e+002,4.885248e-009,2.009504e-008
5.248074602497686e+002,4.884575e-009,2.009444e-008
5.370317963702487e+002,4.883932e-009,2.009387e-008
5.495408738576203e+002,4.883318e-009,2.009333e-008
5.623413251903447e+002,4.882732e-009,2.009281e-008
5.754399373371524e+002,4.882172e-009,2.009232e-008
5.888436553555844e+002,4.881637e-009,2.009184e-008
6.025595860743530e+002,4.881126e-009,2.009139e-008
6.165950018614773e+002,4.880638e-009,2.009096e-008
6.309573444801882e+002,4.880172e-009,2.009054e-008
6.456542290346504e+002,4.879726e-009,2.009015e-008
6.606934480075908e+002,4.879301e-009,2.008977e-008
6.760829753919763e+002,4.878896e-009,2.008941e-008
6.918309709189309e+002,4.878507e-009,2.008907e-008
7.079457843841321e+002,4.878137e-009,2.008874e-008
7.244359600749841e+002,4.877784e-009,2.008843e-008
7.413102413009113e+002,4.877446e-009,2.008813e-008
7.585775750291774e+002,4.877123e-009,2.008784e-008
7.762471166286852e+002,4.876815e-009,2.008757e-008
7.943282347242747e+002,4.876521e-009,2.008731e-008
8.128305161640923e+002,4.876239e-009,2.008706e-008
8.317637711026639e+002,4.875971e-009,2.008682e-008
8.511380382023692e+002,4.875714e-009,2.008659e-008
8.709635899560732e+002,4.875470e-009,2.008638e-008
8.912509381337379e+002,4.875236e-009,2.008617e-008
9.120108393559019e+002,4.875012e-009,2.008597e-008
9.332543007969830e+002,4.874799e-009,2.008578e-008
9.549925860214277e+002,4.874595e-009,2.008560e-008
9.772372209558022e+002,4.874401e-009,2.008542e-008
9.999999999999913e+002,4.874215e-009,2.008526e-008
1.023292992280745e+003,4.874038e-009,2.008510e-008
1.047128548050890e+003,4.873868e-009,2.008495e-008
1.071519305237597e+003,4.873707e-009,2.008481e-008
1.096478196143175e+003,4.873552e-009,2.008467e-008
1.122018454301953e+003,4.873404e-009,2.008454e-008
1.148153621496872e+003,4.873264e-009,2.008441e-008
1.174897554939519e+003,4.873129e-009,2.008430e-008
1.202264434617402e+003,4.873000e-009,2.008418e-008
1.230268770812370e+003,4.872878e-009,2.008407e-008
1.258925411794156e+003,4.872760e-009,2.008397e-008
1.288249551693122e+003,4.872649e-009,2.008387e-008
1.318256738556395e+003,4.872541e-009,2.008377e-008
1.348962882591641e+003,4.872439e-009,2.008368e-008
1.380384264602872e+003,4.872342e-009,2.008359e-008
1.412537544622741e+003,4.872248e-009,2.008351e-008
1.445439770745914e+003,4.872160e-009,2.008343e-008
1.479108388168193e+003,4.872075e-009,2.008336e-008
1.513561248436194e+003,4.871993e-009,2.008328e-008
1.548816618912467e+003,4.871916e-009,2.008322e-008
1.584893192461099e+003,4.871842e-009,2.008315e-008
1.621810097358915e+003,4.871771e-009,2.008309e-008
1.659586907437545e+003,4.871704e-009,2.008303e-008
1.698243652461728e+003,4.871640e-009,2.008297e-008
1.737800828749359e+003,4.871578e-009,2.008291e-008
1.778279410038906e+003,4.871519e-009,2.008286e-008
1.819700858609966e+003,4.871463e-009,2.008281e-008
1.862087136662849e+003,4.871409e-009,2.008276e-008
1.905460717963229e+003,4.871358e-009,2.008272e-008
1.949844599758026e+003,4.871309e-009,2.008267e-008
1.995262314968860e+003,4.871263e-009,2.008263e-008
2.041737944669509e+003,4.871218e-009,2.008259e-008
2.089296130854019e+003,4.871175e-009,2.008255e-008
2.137962089502211e+003,4.871135e-009,2.008252e-008
2.187761623949531e+003,4.871096e-009,2.008248e-008
2.238721138568317e+003,4.871059e-009,2.008245e-008
2.290867652767750e+003,4.871024e-009,2.008242e-008
2.344228815319898e+003,4.870990e-009,2.008239e-008
2.398832919019466e+003,4.870957e-009,2.008236e-008
2.454708915685005e+003,4.870926e-009,2.008233e-008
2.511886431509554e+003,4.870897e-009,2.008230e-008
2.570395782768837e+003,4.870869e-009,2.008228e-008
2.630267991895355e+003,4.870842e-009,2.008225e-008
2.691534803926887e+003,4.870816e-009,2.008223e-008
2.754228703338138e+003,4.870792e-009,2.008221e-008
2.818382931264424e+003,4.870769e-009,2.008219e-008
2.884031503126575e+003,4.870746e-009,2.008217e-008
2.951209226666354e+003,4.870725e-009,2.008215e-008
3.019951720401984e+003,4.870704e-009,2.008213e-008
3.090295432513557e+003,4.870685e-009,2.008211e-008
3.162277660168345e+003,4.870667e-009,2.008209e-008
3.235936569296248e+003,4.870649e-009,2.008208e-008
3.311311214825875e+003,4.870632e-009,2.008206e-008
3.388441561391989e+003,4.870615e-009,2.008205e-008
3.467368504525279e+003,4.870600e-009,2.008203e-008
3.548133892335716e+003,4.870585e-009,2.008202e-008
3.630780547700973e+003,4.870572e-009,2.008200e-008
3.715352290971684e+003,4.870558e-009,2.008199e-008
3.801893963205570e+003,4.870545e-009,2.008198e-008
3.890451449942763e+003,4.870533e-009,2.008197e-008
3.981071705534928e+003,4.870521e-009,2.008196e-008
4.073802778041082e+003,4.870510e-009,2.008194e-008
4.168693834703307e+003,4.870499e-009,2.008193e-008
4.265795188015879e+003,4.870489e-009,2.008192e-008
4.365158322401610e+003,4.870479e-009,2.008191e-008
4.466835921509581e+003,4.870470e-009,2.008191e-008
4.570881896148699e+003,4.870461e-009,2.008190e-008
4.677351412871929e+003,4.870452e-009,2.008189e-008
4.786300923226329e+003,4.870444e-009,2.008188e-008
4.897788193684407e+003,4.870437e-009,2.008187e-008
5.011872336272666e+003,4.870429e-009,2.008186e-008
5.128613839913590e+003,4.870422e-009,2.008185e-008
5.248074602497666e+003,4.870416e-009,2.008185e-008
5.370317963702466e+003,4.870409e-009,2.008184e-008
5.495408738576182e+003,4.870403e-009,2.008183e-008
5.623413251903426e+003,4.870397e-009,2.008183e-008
5.754399373371502e+003,4.870392e-009,2.008182e-008
5.888436553555821e+003,4.870387e-009,2.008181e-008
6.025595860743507e+003,4.870381e-009,2.008180e-008
6.165950018614749e+003,4.870377e-009,2.008180e-008
6.309573444801858e+003,4.870372e-009,2.008179e-008
6.456542290346478e+003,4.870368e-009,2.008179e-008
6.606934480075881e+003,4.870364e-009,2.008178e-008
6.760829753919737e+003,4.870360e-009,2.008177e-008
6.918309709189281e+003,4.870356e-009,2.008177e-008
7.079457843841294e+003,4.870352e-009,2.008176e-008
7.244359600749813e+003,4.870349e-009,2.008175e-008
7.413102413009085e+003,4.870345e-009,2.008175e-008
7.585775750291745e+003,4.870342e-009,2.008174e-008
7.762471166286822e+003,4.870339e-009,2.008174e-008
7.943282347242717e+003,4.870336e-009,2.008173e-008
8.128305161640892e+003,4.870333e-009,2.008172e-008
8.317637711026608e+003,4.870331e-009,2.008172e-008
8.511380382023659e+003,4.870329e-009,2.008171e-008
8.709635899560699e+003,4.870326e-009,2.008170e-008
8.912509381337344e+003,4.870324e-009,2.008170e-008
9.120108393558983e+003,4.870322e-009,2.008169e-008
9.332543007969793e+003,4.870320e-009,2.008168e-008
9.549925860214238e+003,4.870318e-009,2.008168e-008
9.772372209557982e+003,4.870316e-009,2.008167e-008
9.999999999999871e+003,4.870314e-009,2.008166e-008
1.023292992280741e+004,4.870313e-009,2.008165e-008
1.047128548050886e+004,4.870311e-009,2.008165e-008
1.071519305237592e+004,4.870310e-009,2.008164e-008
1.096478196143171e+004,4.870309e-009,2.008163e-008
1.122018454301949e+004,4.870307e-009,2.008162e-008
1.148153621496868e+004,4.870306e-009,2.008161e-008
1.174897554939514e+004,4.870305e-009,2.008160e-008
1.202264434617397e+004,4.870304e-009,2.008159e-008
1.230268770812365e+004,4.870303e-009,2.008158e-008
1.258925411794151e+004,4.870302e-009,2.008157e-008
1.288249551693117e+004,4.870301e-009,2.008156e-008
1.318256738556390e+004,4.870300e-009,2.008155e-008
1.348962882591636e+004,4.870300e-009,2.008154e-008
1.380384264602867e+004,4.870299e-009,2.008153e-008
1.412537544622735e+004,4.870298e-009,2.008152e-008
1.445439770745908e+004,4.870298e-009,2.008150e-008
1.479108388168187e+004,4.870297e-009,2.008149e-008
1.513561248436188e+004,4.870297e-009,2.008148e-008
1.548816618912460e+004,4.870297e-009,2.008146e-008
1.584893192461092e+004,4.870296e-009,2.008145e-008
1.621810097358908e+004,4.870296e-009,2.008143e-008
1.659586907437538e+004,4.870296e-009,2.008141e-008
1.698243652461721e+004,4.870295e-009,2.008140e-008
1.737800828749351e+004,4.870295e-009,2.008138e-008
1.778279410038898e+004,4.870295e-009,2.008136e-008
1.819700858609958e+004,4.870295e-009,2.008134e-008
1.862087136662842e+004,4.870295e-009,2.008132e-008
1.905460717963221e+004,4.870295e-009,2.008130e-008
1.949844599758018e+004,4.870295e-009,2.008128e-008
1.995262314968852e+004,4.870295e-009,2.008125e-008
2.041737944669501e+004,4.870296e-009,2.008123e-008
2.089296130854010e+004,4.870296e-009,2.008120e-008
2.137962089502202e+004,4.870296e-009,2.008118e-008
2.187761623949522e+004,4.870297e-009,2.008115e-008
2.238721138568308e+004,4.870297e-009,2.008112e-008
2.290867652767740e+004,4.870297e-009,2.008109e-008
2.344228815319889e+004,4.870298e-009,2.008106e-008
2.398832919019456e+004,4.870299e-009,2.008102e-008
2.454708915684995e+004,4.870299e-009,2.008099e-008
2.511886431509544e+004,4.870300e-009,2.008095e-008
2.570395782768826e+004,4.870301e-009,2.008091e-008
2.630267991895344e+004,4.870301e-009,2.008087e-008
2.691534803926876e+004,4.870302e-009,2.008083e-008
2.754228703338126e+004,4.870303e-009,2.008079e-008
2.818382931264412e+004,4.870305e-009,2.008074e-008
2.884031503126564e+004,4.870305e-009,2.008069e-008
2.951209226666342e+004,4.870307e-009,2.008064e-008
3.019951720401971e+004,4.870308e-009,2.008059e-008
3.090295432513544e+004,4.870309e-009,2.008053e-008
3.162277660168332e+004,4.870311e-009,2.008047e-008
3.235936569296234e+004,4.870312e-009,2.008041e-008
3.311311214825861e+004,4.870313e-009,2.008035e-008
3.388441561391974e+004,4.870315e-009,2.008028e-008
3.467368504525264e+004,4.870317e-009,2.008021e-008
3.548133892335701e+004,4.870319e-009,2.008014e-008
3.630780547700958e+004,4.870321e-009,2.008007e-008
3.715352290971669e+004,4.870323e-009,2.007999e-008
3.801893963205554e+004,4.870325e-009,2.007990e-008
3.890451449942747e+004,4.870327e-009,2.007982e-008
3.981071705534912e+004,4.870329e-009,2.007972e-008
4.073802778041065e+004,4.870332e-009,2.007963e-008
4.168693834703291e+004,4.870335e-009,2.007953e-008
4.265795188015862e+004,4.870337e-009,2.007942e-008
4.365158322401593e+004,4.870341e-009,2.007931e-008
4.466835921509563e+004,4.870344e-009,2.007920e-008
4.570881896148680e+004,4.870347e-009,2.007908e-008
4.677351412871909e+004,4.870350e-009,2.007895e-008
4.786300923226309e+004,4.870354e-009,2.007882e-008
4.897788193684386e+004,4.870357e-009,2.007868e-008
5.011872336272644e+004,4.870361e-009,2.007853e-008
5.128613839913568e+004,4.870365e-009,2.007838e-008
5.248074602497643e+004,4.870370e-009,2.007822e-008
5.370317963702443e+004,4.870374e-009,2.007805e-008
5.495408738576159e+004,4.870379e-009,2.007788e-008
5.623413251903402e+004,4.870384e-009,2.007770e-008
5.754399373371479e+004,4.870389e-009,2.007751e-008
5.888436553555797e+004,4.870394e-009,2.007731e-008
6.025595860743483e+004,4.870400e-009,2.007710e-008
6.165950018614724e+004,4.870406e-009,2.007688e-008
6.309573444801832e+004,4.870413e-009,2.007665e-008
6.456542290346453e+004,4.870419e-009,2.007641e-008
6.606934480075855e+004,4.870426e-009,2.007616e-008
6.760829753919710e+004,4.870433e-009,2.007589e-008
6.918309709189255e+004,4.870440e-009,2.007561e-008
7.079457843841266e+004,4.870448e-009,2.007533e-008
7.244359600749785e+004,4.870456e-009,2.007502e-008
7.413102413009056e+004,4.870465e-009,2.007470e-008
7.585775750291716e+004,4.870474e-009,2.007437e-008
7.762471166286792e+004,4.870484e-009,2.007403e-008
7.943282347242687e+004,4.870494e-009,2.007366e-008
8.128305161640862e+004,4.870504e-009,2.007328e-008
8.317637711026576e+004,4.870515e-009,2.007288e-008
8.511380382023628e+004,4.870527e-009,2.007246e-008
8.709635899560666e+004,4.870539e-009,2.007202e-008
8.912509381337311e+004,4.870551e-009,2.007157e-008
9.120108393558950e+004,4.870564e-009,2.007109e-008
9.332543007969759e+004,4.870578e-009,2.007058e-008
9.549925860214204e+004,4.870592e-009,2.007006e-008
9.772372209557948e+004,4.870607e-009,2.006951e-008
9.999999999999837e+004,4.870623e-009,2.006893e-008
1.023292992280737e+005,4.870639e-009,2.006833e-008
1.047128548050882e+005,4.870657e-009,2.006769e-008
1.071519305237589e+005,4.870675e-009,2.006703e-008
1.096478196143167e+005,4.870694e-009,2.006634e-008
1.122018454301945e+005,4.870714e-009,2.006561e-008
1.148153621496864e+005,4.870735e-009,2.006485e-008
1.174897554939510e+005,4.870757e-009,2.006405e-008
1.202264434617393e+005,4.870779e-009,2.006322e-008
1.230268770812361e+005,4.870803e-009,2.006235e-008
1.258925411794147e+005,4.870829e-009,2.006143e-008
1.288249551693113e+005,4.870855e-009,2.006048e-008
1.318256738556385e+005,4.870882e-009,2.005948e-008
1.348962882591631e+005,4.870911e-009,2.005843e-008
1.380384264602862e+005,4.870941e-009,2.005733e-008
1.412537544622731e+005,4.870973e-009,2.005618e-008
1.445439770745904e+005,4.871006e-009,2.005497e-008
1.479108388168183e+005,4.871040e-009,2.005371e-008
1.513561248436183e+005,4.871076e-009,2.005239e-008
1.548816618912456e+005,4.871115e-009,2.005101e-008
1.584893192461087e+005,4.871154e-009,2.004957e-008
1.621810097358903e+005,4.871196e-009,2.004805e-008
1.659586907437533e+005,4.871239e-009,2.004646e-008
1.698243652461716e+005,4.871285e-009,2.004480e-008
1.737800828749346e+005,4.871333e-009,2.004306e-008
1.778279410038893e+005,4.871383e-009,2.004125e-008
1.819700858609953e+005,4.871435e-009,2.003934e-008
1.862087136662836e+005,4.871490e-009,2.003734e-008
1.905460717963215e+005,4.871548e-009,2.003526e-008
1.949844599758012e+005,4.871608e-009,2.003307e-008
1.995262314968846e+005,4.871671e-009,2.003078e-008
2.041737944669495e+005,4.871737e-009,2.002838e-008
2.089296130854004e+005,4.871806e-009,2.002587e-008
2.137962089502196e+005,4.871878e-009,2.002325e-008
2.187761623949515e+005,4.871954e-009,2.002050e-008
2.238721138568301e+005,4.872034e-009,2.001762e-008
2.290867652767734e+005,4.872117e-009,2.001460e-008
2.344228815319882e+005,4.872204e-009,2.001145e-008
2.398832919019449e+005,4.872295e-009,2.000814e-008
2.454708915684988e+005,4.872391e-009,2.000469e-008
2.511886431509537e+005,4.872491e-009,2.000107e-008
2.570395782768819e+005,4.872596e-009,1.999728e-008
2.630267991895336e+005,4.872706e-009,1.999331e-008
2.691534803926869e+005,4.872821e-009,1.998916e-008
2.754228703338119e+005,4.872941e-009,1.998482e-008
2.818382931264405e+005,4.873067e-009,1.998027e-008
2.884031503126556e+005,4.873200e-009,1.997551e-008
2.951209226666334e+005,4.873338e-009,1.997052e-008
3.019951720401964e+005,4.873483e-009,1.996531e-008
3.090295432513537e+005,4.873634e-009,1.995985e-008
3.162277660168324e+005,4.873794e-009,1.995414e-008
3.235936569296226e+005,4.873960e-009,1.994816e-008
3.311311214825853e+005,4.874134e-009,1.994190e-008
3.388441561391967e+005,4.874317e-009,1.993535e-008
3.467368504525256e+005,4.874509e-009,1.992850e-008
3.548133892335693e+005,4.874709e-009,1.992132e-008
3.630780547700950e+005,4.874919e-009,1.991382e-008
3.715352290971660e+005,4.875139e-009,1.990596e-008
3.801893963205545e+005,4.875370e-009,1.989775e-008
3.890451449942738e+005,4.875611e-009,1.988915e-008
3.981071705534903e+005,4.875864e-009,1.988015e-008
4.073802778041056e+005,4.876129e-009,1.987074e-008
4.168693834703281e+005,4.876407e-009,1.986089e-008
4.265795188015852e+005,4.876698e-009,1.985058e-008
4.365158322401583e+005,4.877002e-009,1.983980e-008
4.466835921509552e+005,4.877322e-009,1.982853e-008
4.570881896148669e+005,4.877657e-009,1.981673e-008
4.677351412871899e+005,4.878007e-009,1.980439e-008
4.786300923226299e+005,4.878374e-009,1.979149e-008
4.897788193684375e+005,4.878759e-009,1.977799e-008
5.011872336272634e+005,4.879162e-009,1.976388e-008
5.128613839913558e+005,4.879585e-009,1.974911e-008
5.248074602497633e+005,4.880028e-009,1.973368e-008
5.370317963702432e+005,4.880492e-009,1.971754e-008
5.495408738576148e+005,4.880978e-009,1.970066e-008
5.623413251903391e+005,4.881488e-009,1.968302e-008
5.754399373371467e+005,4.882022e-009,1.966457e-008
5.888436553555785e+005,4.882582e-009,1.964529e-008
6.025595860743470e+005,4.883169e-009,1.962513e-008
6.165950018614712e+005,4.883785e-009,1.960407e-008
6.309573444801820e+005,4.884430e-009,1.958206e-008
6.456542290346441e+005,4.885106e-009,1.955905e-008
6.606934480075843e+005,4.885815e-009,1.953502e-008
6.760829753919698e+005,4.886559e-009,1.950990e-008
6.918309709189242e+005,4.887338e-009,1.948367e-008
7.079457843841253e+005,4.888155e-009,1.945627e-008
7.244359600749771e+005,4.889012e-009,1.942765e-008
7.413102413009043e+005,4.889911e-009,1.939777e-008
7.585775750291703e+005,4.890854e-009,1.936657e-008
7.762471166286779e+005,4.891842e-009,1.933399e-008
7.943282347242674e+005,4.892880e-009,1.929999e-008
8.128305161640848e+005,4.893968e-009,1.926450e-008
8.317637711026561e+005,4.895109e-009,1.922746e-008
8.511380382023612e+005,4.896307e-009,1.918882e-008
8.709635899560649e+005,4.897564e-009,1.914851e-008
8.912509381337294e+005,4.898882e-009,1.910647e-008
9.120108393558932e+005,4.900266e-009,1.906263e-008
9.332543007969741e+005,4.901719e-009,1.901693e-008
9.549925860214186e+005,4.903244e-009,1.896928e-008
9.772372209557928e+005,4.904845e-009,1.891964e-008
9.999999999999817e+005,4.906525e-009,1.886790e-008
1.023292992280735e+006,4.908290e-009,1.881402e-008
1.047128548050880e+006,4.910143e-009,1.875791e-008
1.071519305237587e+006,4.912090e-009,1.869949e-008
1.096478196143165e+006,4.914135e-009,1.863868e-008
1.122018454301943e+006,4.916283e-009,1.857541e-008
1.148153621496861e+006,4.918540e-009,1.850960e-008
1.174897554939508e+006,4.920913e-009,1.844116e-008
1.202264434617390e+006,4.923405e-009,1.837001e-008
1.230268770812359e+006,4.926026e-009,1.829608e-008
1.258925411794144e+006,4.928781e-009,1.821927e-008
1.288249551693110e+006,4.931679e-009,1.813952e-008
1.318256738556382e+006,4.934726e-009,1.805673e-008
1.348962882591628e+006,4.937931e-009,1.797084e-008
1.380384264602859e+006,4.941304e-009,1.788175e-008
1.412537544622727e+006,4.944852e-009,1.778940e-008
1.445439770745900e+006,4.948587e-009,1.769371e-008
1.479108388168179e+006,4.952519e-009,1.759460e-008
1.513561248436179e+006,4.956659e-009,1.749202e-008
1.548816618912452e+006,4.961019e-009,1.738588e-008
1.584893192461083e+006,4.965611e-009,1.727614e-008
1.621810097358899e+006,4.970450e-009,1.716273e-008
1.659586907437529e+006,4.975549e-009,1.704560e-008
1.698243652461712e+006,4.980925e-009,1.692471e-008
1.737800828749342e+006,4.986592e-009,1.680002e-008
1.778279410038889e+006,4.992569e-009,1.667149e-008
1.819700858609949e+006,4.998874e-009,1.653911e-008
1.862087136662832e+006,5.005527e-009,1.640285e-008
1.905460717963211e+006,5.012548e-009,1.626272e-008
1.949844599758008e+006,5.019960e-009,1.611871e-008
1.995262314968841e+006,5.027788e-009,1.597084e-008
2.041737944669490e+006,5.036056e-009,1.581914e-008
2.089296130853999e+006,5.044793e-009,1.566364e-008
2.137962089502191e+006,5.054026e-009,1.550440e-008
2.187761623949510e+006,5.063788e-009,1.534147e-008
2.238721138568296e+006,5.074110e-009,1.517494e-008
2.290867652767729e+006,5.085030e-009,1.500490e-008
2.344228815319877e+006,5.096584e-009,1.483144e-008
2.398832919019444e+006,5.108814e-009,1.465470e-008
2.454708915684983e+006,5.121762e-009,1.447481e-008
2.511886431509531e+006,5.135475e-009,1.429192e-008
2.570395782768813e+006,5.150002e-009,1.410618e-008
2.630267991895330e+006,5.165397e-009,1.391779e-008
2.691534803926863e+006,5.181715e-009,1.372694e-008
2.754228703338112e+006,5.199017e-009,1.353382e-008
2.818382931264398e+006,5.217368e-009,1.333868e-008
2.884031503126549e+006,5.236837e-009,1.314173e-008
2.951209226666328e+006,5.257497e-009,1.294323e-008
3.019951720401957e+006,5.279427e-009,1.274343e-008
3.090295432513529e+006,5.302711e-009,1.254260e-008
3.162277660168317e+006,5.327439e-009,1.234101e-008
3.235936569296219e+006,5.353706e-009,1.213895e-008
3.311311214825845e+006,5.381615e-009,1.193672e-008
3.388441561391958e+006,5.411275e-009,1.173459e-008
3.467368504525248e+006,5.442800e-009,1.153288e-008
3.548133892335684e+006,5.476315e-009,1.133187e-008
3.630780547700941e+006,5.511951e-009,1.113188e-008
3.715352290971651e+006,5.549848e-009,1.093319e-008
3.801893963205536e+006,5.590154e-009,1.073610e-008
3.890451449942728e+006,5.633026e-009,1.054090e-008
3.981071705534893e+006,5.678632e-009,1.034787e-008
4.073802778041046e+006,5.727149e-009,1.015728e-008
4.168693834703270e+006,5.778764e-009,9.969403e-009
4.265795188015841e+006,5.833676e-009,9.784487e-009
4.365158322401572e+006,5.892094e-009,9.602774e-009
4.466835921509542e+006,5.954239e-009,9.424490e-009
4.570881896148658e+006,6.020345e-009,9.249847e-009
4.677351412871888e+006,6.090656e-009,9.079042e-009
4.786300923226287e+006,6.165432e-009,8.912256e-009
4.897788193684363e+006,6.244942e-009,8.749650e-009
5.011872336272622e+006,6.329472e-009,8.591369e-009
5.128613839913545e+006,6.419318e-009,8.437540e-009
5.248074602497620e+006,6.514794e-009,8.288271e-009
5.370317963702418e+006,6.616223e-009,8.143650e-009
5.495408738576134e+006,6.723945e-009,8.003750e-009
5.623413251903377e+006,6.838315e-009,7.868620e-009
5.754399373371452e+006,6.959702e-009,7.738298e-009
5.888436553555770e+006,7.088487e-009,7.612798e-009
6.025595860743455e+006,7.225069e-009,7.492119e-009
6.165950018614695e+006,7.369859e-009,7.376245e-009
6.309573444801803e+006,7.523287e-009,7.265144e-009
6.456542290346422e+006,7.685794e-009,7.158767e-009
6.606934480075824e+006,7.857838e-009,7.057054e-009
6.760829753919679e+006,8.039892e-009,6.959930e-009
6.918309709189222e+006,8.232446e-009,6.867310e-009
7.079457843841233e+006,8.436002e-009,6.779098e-009
7.244359600749752e+006,8.651083e-009,6.695187e-009
7.413102413009022e+006,8.878223e-009,6.615463e-009
7.585775750291681e+006,9.117978e-009,6.539806e-009
7.762471166286756e+006,9.370917e-009,6.468088e-009
7.943282347242650e+006,9.637628e-009,6.400177e-009
8.128305161640823e+006,9.918716e-009,6.335937e-009
8.317637711026536e+006,1.021480e-008,6.275230e-009
8.511380382023586e+006,1.052654e-008,6.217914e-009
8.709635899560623e+006,1.085457e-008,6.163849e-009
8.912509381337266e+006,1.119960e-008,6.112893e-009
9.120108393558905e+006,1.156231e-008,6.064905e-009
9.332543007969713e+006,1.194343e-008,6.019747e-009
9.549925860214157e+006,1.234372e-008,5.977280e-009
9.772372209557900e+006,1.276392e-008,5.937370e-009
9.999999999999788e+006,1.320485e-008,5.899885e-009
1.023292992280732e+007,1.366731e-008,5.864697e-009
1.047128548050877e+007,1.415214e-008,5.831682e-009
1.071519305237583e+007,1.466020e-008,5.800719e-009
1.096478196143162e+007,1.519239e-008,5.771693e-009
1.122018454301939e+007,1.574963e-008,5.744492e-009
1.148153621496858e+007,1.633285e-008,5.719008e-009
1.174897554939504e+007,1.694303e-008,5.695141e-009
1.202264434617387e+007,1.758116e-008,5.672792e-009
1.230268770812355e+007,1.824828e-008,5.651867e-009
1.258925411794140e+007,1.894543e-008,5.632280e-009
1.288249551693106e+007,1.967369e-008,5.613946e-009
1.318256738556379e+007,2.043419e-008,5.596785e-009
1.348962882591625e+007,2.122805e-008,5.580723e-009
1.380384264602855e+007,2.205645e-008,5.565688e-009
1.412537544622724e+007,2.292059e-008,5.551614e-009
1.445439770745896e+007,2.382168e-008,5.538437e-009
1.479108388168175e+007,2.476097e-008,5.526100e-009
1.513561248436175e+007,2.573976e-008,5.514544e-009
1.548816618912448e+007,2.675933e-008,5.503720e-009
1.584893192461079e+007,2.782103e-008,5.493578e-009
1.621810097358895e+007,2.892621e-008,5.484071e-009
1.659586907437524e+007,3.007624e-008,5.475157e-009
1.698243652461707e+007,3.127253e-008,5.466795e-009
1.737800828749337e+007,3.251650e-008,5.458948e-009
1.778279410038884e+007,3.380960e-008,5.451581e-009
1.819700858609944e+007,3.515328e-008,5.444660e-009
1.862087136662827e+007,3.654903e-008,5.438156e-009
1.905460717963205e+007,3.799833e-008,5.432039e-009
1.949844599758003e+007,3.950271e-008,5.426283e-009
1.995262314968836e+007,4.106366e-008,5.420862e-009
2.041737944669485e+007,4.268274e-008,5.415753e-009
2.089296130853994e+007,4.436146e-008,5.410934e-009
2.137962089502185e+007,4.610138e-008,5.406386e-009
2.187761623949505e+007,4.790404e-008,5.402089e-009
2.238721138568290e+007,4.977098e-008,5.398024e-009
2.290867652767723e+007,5.170376e-008,5.394177e-009
2.344228815319870e+007,5.370391e-008,5.390530e-009
2.398832919019438e+007,5.577298e-008,5.387070e-009
2.454708915684976e+007,5.791250e-008,5.383784e-009
2.511886431509525e+007,6.012398e-008,5.380657e-009
2.570395782768807e+007,6.240894e-008,5.377679e-009
2.630267991895324e+007,6.476887e-008,5.374838e-009
2.691534803926856e+007,6.720525e-008,5.372124e-009
2.754228703338105e+007,6.971955e-008,5.369526e-009
2.818382931264391e+007,7.231322e-008,5.367036e-009
2.884031503126542e+007,7.498767e-008,5.364645e-009
2.951209226666320e+007,7.774432e-008,5.362345e-009
3.019951720401949e+007,8.058456e-008,5.360127e-009
3.090295432513522e+007,8.350973e-008,5.357985e-009
3.162277660168309e+007,8.652117e-008,5.355912e-009
3.235936569296210e+007,8.962021e-008,5.353900e-009
3.311311214825837e+007,9.280811e-008,5.351943e-009
3.388441561391950e+007,9.608617e-008,5.350037e-009
3.467368504525239e+007,9.945560e-008,5.348174e-009
3.548133892335676e+007,1.029176e-007,5.346349e-009
3.630780547700933e+007,1.064735e-007,5.344558e-009
3.715352290971643e+007,1.101242e-007,5.342794e-009
3.801893963205528e+007,1.138712e-007,5.341053e-009
3.890451449942719e+007,1.177153e-007,5.339330e-009
3.981071705534884e+007,1.216578e-007,5.337621e-009
4.073802778041036e+007,1.256998e-007,5.335921e-009
4.168693834703261e+007,1.298423e-007,5.334226e-009
4.265795188015831e+007,1.340864e-007,5.332530e-009
4.365158322401562e+007,1.384332e-007,5.330831e-009
4.466835921509531e+007,1.428837e-007,5.329124e-009
4.570881896148648e+007,1.474389e-007,5.327405e-009
4.677351412871877e+007,1.520999e-007,5.325669e-009
4.786300923226276e+007,1.568676e-007,5.323913e-009
4.897788193684352e+007,1.617432e-007,5.322133e-009
5.011872336272611e+007,1.667275e-007,5.320324e-009
5.128613839913534e+007,1.718217e-007,5.318482e-009
5.248074602497608e+007,1.770268e-007,5.316603e-009
5.370317963702407e+007,1.823436e-007,5.314684e-009
5.495408738576122e+007,1.877733e-007,5.312719e-009
5.623413251903364e+007,1.933169e-007,5.310705e-009
5.754399373371439e+007,1.989753e-007,5.308638e-009
5.888436553555757e+007,2.047496e-007,5.306512e-009
6.025595860743441e+007,2.106408e-007,5.304323e-009
6.165950018614683e+007,2.166499e-007,5.302068e-009
6.309573444801790e+007,2.227778e-007,5.299741e-009
6.456542290346409e+007,2.290255e-007,5.297337e-009
6.606934480075811e+007,2.353942e-007,5.294851e-009
6.760829753919666e+007,2.418846e-007,5.292280e-009
6.918309709189209e+007,2.484978e-007,5.289616e-009
7.079457843841220e+007,2.552348e-007,5.286856e-009
7.244359600749739e+007,2.620963e-007,5.283993e-009
7.413102413009009e+007,2.690834e-007,5.281022e-009
7.585775750291668e+007,2.761968e-007,5.277937e-009
7.762471166286743e+007,2.834374e-007,5.274733e-009
7.943282347242636e+007,2.908060e-007,5.271402e-009
8.128305161640808e+007,2.983033e-007,5.267939e-009
8.317637711026521e+007,3.059300e-007,5.264337e-009
8.511380382023571e+007,3.136866e-007,5.260589e-009
8.709635899560608e+007,3.215738e-007,5.256688e-009
8.912509381337252e+007,3.295920e-007,5.252628e-009
9.120108393558890e+007,3.377415e-007,5.248400e-009
9.332543007969697e+007,3.460227e-007,5.243997e-009
9.549925860214141e+007,3.544357e-007,5.239410e-009
9.772372209557883e+007,3.629806e-007,5.234633e-009
1.000000000000000e+008,3.716574e-007,5.229655e-009
