frequency,V(onoise),V(r1)
1.000000000000000e-001,9.066277e-007,8.141371e-007
1.023292992280754e-001,9.048363e-007,8.141371e-007
1.047128548050900e-001,9.030822e-007,8.141371e-007
1.071519305237607e-001,9.013648e-007,8.141371e-007
1.096478196143185e-001,8.996832e-007,8.141371e-007
1.122018454301964e-001,8.980370e-007,8.141371e-007
1.148153621496883e-001,8.964253e-007,8.141371e-007
1.174897554939530e-001,8.948474e-007,8.141371e-007
1.202264434617413e-001,8.933028e-007,8.141371e-007
1.230268770812382e-001,8.917907e-007,8.141371e-007
1.258925411794167e-001,8.903106e-007,8.141371e-007
1.288249551693134e-001,8.888618e-007,8.141371e-007
1.318256738556407e-001,8.874437e-007,8.141371e-007
1.348962882591653e-001,8.860557e-007,8.141371e-007
1.380384264602884e-001,8.846972e-007,8.141371e-007
1.412537544622754e-001,8.833675e-007,8.141371e-007
1.445439770745927e-001,8.820662e-007,8.141371e-007
1.479108388168207e-001,8.807927e-007,8.141371e-007
1.513561248436207e-001,8.795464e-007,8.141371e-007
1.548816618912480e-001,8.783267e-007,8.141371e-007
1.584893192461112e-001,8.771332e-007,8.141371e-007
1.621810097358929e-001,8.759653e-007,8.141371e-007
1.659586907437559e-001,8.748224e-007,8.141371e-007
1.698243652461743e-001,8.737041e-007,8.141371e-007
1.737800828749374e-001,8.726099e-007,8.141371e-007
1.778279410038921e-001,8.715392e-007,8.141371e-007
1.819700858609982e-001,8.704917e-007,8.141371e-007
1.862087136662866e-001,8.694668e-007,8.141371e-007
1.905460717963245e-001,8.684640e-007,8.141371e-007
1.949844599758043e-001,8.674830e-007,8.141371e-007
1.995262314968878e-001,8.665232e-007,8.141371e-007
2.041737944669527e-001,8.655842e-007,8.141371e-007
2.089296130854037e-001,8.646657e-007,8.141371e-007
2.137962089502230e-001,8.637670e-007,8.141371e-007
2.187761623949550e-001,8.628879e-007,8.141371e-007
2.238721138568337e-001,8.620280e-007,8.141371e-007
2.290867652767770e-001,8.611868e-007,8.141371e-007
2.344228815319919e-001,8.603640e-007,8.141371e-007
2.398832919019487e-001,8.595592e-007,8.141371e-007
2.454708915685027e-001,8.587719e-007,8.141371e-007
2.511886431509577e-001,8.580019e-007,8.141371e-007
2.570395782768861e-001,8.572487e-007,8.141371e-007
2.630267991895379e-001,8.565120e-007,8.141371e-007
2.691534803926912e-001,8.557915e-007,8.141371e-007
2.754228703338163e-001,8.550868e-007,8.141371e-007
2.818382931264450e-001,8.543976e-007,8.141371e-007
2.884031503126602e-001,8.537235e-007,8.141371e-007
2.951209226666382e-001,8.530643e-007,8.141371e-007
3.019951720402012e-001,8.524195e-007,8.141371e-007
3.090295432513586e-001,8.517890e-007,8.141371e-007
3.162277660168375e-001,8.511723e-007,8.141371e-007
3.235936569296278e-001,8.505693e-007,8.141371e-007
3.311311214825907e-001,8.499796e-007,8.141371e-007
3.388441561392021e-001,8.494030e-007,8.141371e-007
3.467368504525312e-001,8.488390e-007,8.141371e-007
3.548133892335750e-001,8.482875e-007,8.141371e-007
3.630780547701009e-001,8.477483e-007,8.141371e-007
3.715352290971720e-001,8.472210e-007,8.141371e-007
3.801893963205607e-001,8.467053e-007,8.141371e-007
3.890451449942800e-001,8.462012e-007,8.141371e-007
3.981071705534967e-001,8.457082e-007,8.141371e-007
4.073802778041121e-001,8.452261e-007,8.141371e-007
4.168693834703348e-001,8.447548e-007,8.141371e-007
4.265795188015920e-001,8.442939e-007,8.141371e-007
4.365158322401653e-001,8.438433e-007,8.141371e-007
4.466835921509624e-001,8.434026e-007,8.141371e-007
4.570881896148742e-001,8.429719e-007,8.141371e-007
4.677351412871974e-001,8.425507e-007,8.141371e-007
4.786300923226375e-001,8.421388e-007,8.141371e-007
4.897788193684454e-001,8.417362e-007,8.141371e-007
5.011872336272715e-001,8.413425e-007,8.141371e-007
5.128613839913641e-001,8.409577e-007,8.141371e-007
5.248074602497718e-001,8.405814e-007,8.141371e-007
5.370317963702519e-001,8.402135e-007,8.141371e-007
5.495408738576236e-001,8.398538e-007,8.141371e-007
5.623413251903481e-001,8.395022e-007,8.141371e-007
5.754399373371559e-001,8.391584e-007,8.141371e-007
5.888436553555879e-001,8.388224e-007,8.141371e-007
6.025595860743567e-001,8.384938e-007,8.141371e-007
6.165950018614811e-001,8.381726e-007,8.141371e-007
6.309573444801921e-001,8.378586e-007,8.141371e-007
6.456542290346544e-001,8.375516e-007,8.141371e-007
6.606934480075949e-001,8.372515e-007,8.141371e-007
6.760829753919806e-001,8.369581e-007,8.141371e-007
6.918309709189353e-001,8.366713e-007,8.141371e-007
7.079457843841367e-001,8.363910e-007,8.141371e-007
7.244359600749888e-001,8.361169e-007,8.141371e-007
7.413102413009162e-001,8.358490e-007,8.141371e-007
7.585775750291823e-001,8.355871e-007,8.141371e-007
7.762471166286903e-001,8.353311e-007,8.141371e-007
7.943282347242799e-001,8.350808e-007,8.141371e-007
8.128305161640976e-001,8.348362e-007,8.141371e-007
8.317637711026693e-001,8.345970e-007,8.141371e-007
8.511380382023747e-001,8.343633e-007,8.141371e-007
8.709635899560788e-001,8.341348e-007,8.141371e-007
8.912509381337437e-001,8.339114e-007,8.141371e-007
9.120108393559078e-001,8.336930e-007,8.141371e-007
9.332543007969890e-001,8.334796e-007,8.141371e-007
9.549925860214339e-001,8.332710e-007,8.141371e-007
9.772372209558086e-001,8.330671e-007,8.141371e-007
9.999999999999978e-001,8.328677e-007,8.141371e-007
1.023292992280752e+000,8.326729e-007,8.141371e-007
1.047128548050897e+000,8.324824e-007,8.141371e-007
1.071519305237604e+000,8.322963e-007,8.141371e-007
1.096478196143182e+000,8.321144e-007,8.141371e-007
1.122018454301961e+000,8.319365e-007,8.141371e-007
1.148153621496880e+000,8.317627e-007,8.141371e-007
1.174897554939527e+000,8.315927e-007,8.141371e-007
1.202264434617410e+000,8.314266e-007,8.141371e-007
1.230268770812378e+000,8.312643e-007,8.141371e-007
1.258925411794164e+000,8.311056e-007,8.141371e-007
1.288249551693131e+000,8.309506e-007,8.141371e-007
1.318256738556404e+000,8.307990e-007,8.141371e-007
1.348962882591650e+000,8.306508e-007,8.141371e-007
1.380384264602881e+000,8.305060e-007,8.141371e-007
1.412537544622750e+000,8.303645e-007,8.141371e-007
1.445439770745923e+000,8.302261e-007,8.141371e-007
1.479108388168203e+000,8.300909e-007,8.141371e-007
1.513561248436204e+000,8.299587e-007,8.141371e-007
1.548816618912477e+000,8.298296e-007,8.141371e-007
1.584893192461109e+000,8.297033e-007,8.141371e-007
1.621810097358925e+000,8.295799e-007,8.141371e-007
1.659586907437555e+000,8.294593e-007,8.141371e-007
1.698243652461739e+000,8.293414e-007,8.141371e-007
1.737800828749370e+000,8.292262e-007,8.141371e-007
1.778279410038917e+000,8.291136e-007,8.141371e-007
1.819700858609977e+000,8.290036e-007,8.141371e-007
1.862087136662861e+000,8.288960e-007,8.141371e-007
1.905460717963241e+000,8.287909e-007,8.141371e-007
1.949844599758039e+000,8.286881e-007,8.141371e-007
1.995262314968873e+000,8.285877e-007,8.141371e-007
2.041737944669523e+000,8.284895e-007,8.141371e-007
2.089296130854033e+000,8.283936e-007,8.141371e-007
2.137962089502225e+000,8.282998e-007,8.141371e-007
2.187761623949545e+000,8.282082e-007,8.141371e-007
2.238721138568332e+000,8.281187e-007,8.141371e-007
2.290867652767766e+000,8.280311e-007,8.141371e-007
2.344228815319914e+000,8.279456e-007,8.141371e-007
2.398832919019482e+000,8.278620e-007,8.141371e-007
2.454708915685022e+000,8.277803e-007,8.141371e-007
2.511886431509572e+000,8.277004e-007,8.141371e-007
2.570395782768855e+000,8.276224e-007,8.141371e-007
2.630267991895373e+000,8.275462e-007,8.141371e-007
2.691534803926906e+000,8.274716e-007,8.141371e-007
2.754228703338157e+000,8.273988e-007,8.141371e-007
2.818382931264444e+000,8.273275e-007,8.141371e-007
2.884031503126595e+000,8.272580e-007,8.141371e-007
2.951209226666375e+000,8.271899e-007,8.141371e-007
3.019951720402005e+000,8.271235e-007,8.141371e-007
3.090295432513579e+000,8.270585e-007,8.141371e-007
3.162277660168367e+000,8.269950e-007,8.141371e-007
3.235936569296270e+000,8.269330e-007,8.141371e-007
3.311311214825898e+000,8.268723e-007,8.141371e-007
3.388441561392012e+000,8.268131e-007,8.141371e-007
3.467368504525302e+000,8.267552e-007,8.141371e-007
3.548133892335740e+000,8.266986e-007,8.141371e-007
3.630780547700999e+000,8.266433e-007,8.141371e-007
3.715352290971711e+000,8.265892e-007,8.141371e-007
3.801893963205597e+000,8.265363e-007,8.141371e-007
3.890451449942790e+000,8.264847e-007,8.141371e-007
3.981071705534956e+000,8.264342e-007,8.141371e-007
4.073802778041110e+000,8.263850e-007,8.141371e-007
4.168693834703337e+000,8.263368e-007,8.141371e-007
4.265795188015909e+000,8.262896e-007,8.141371e-007
4.365158322401642e+000,8.262436e-007,8.141371e-007
4.466835921509612e+000,8.261986e-007,8.141371e-007
4.570881896148731e+000,8.261546e-007,8.141371e-007
4.677351412871962e+000,8.261117e-007,8.141371e-007
4.786300923226363e+000,8.260697e-007,8.141371e-007
4.897788193684440e+000,8.260287e-007,8.141371e-007
5.011872336272701e+000,8.259885e-007,8.141371e-007
5.128613839913625e+000,8.259494e-007,8.141371e-007
5.248074602497702e+000,8.259111e-007,8.141371e-007
5.370317963702503e+000,8.258736e-007,8.141371e-007
5.495408738576220e+000,8.258370e-007,8.141371e-007
5.623413251903465e+000,8.258013e-007,8.141371e-007
5.754399373371542e+000,8.257663e-007,8.141371e-007
5.888436553555861e+000,8.257322e-007,8.141371e-007
6.025595860743549e+000,8.256988e-007,8.141371e-007
6.165950018614792e+000,8.256662e-007,8.141371e-007
6.309573444801902e+000,8.256343e-007,8.141371e-007
6.456542290346524e+000,8.256032e-007,8.141371e-007
6.606934480075928e+000,8.255728e-007,8.141371e-007
6.760829753919785e+000,8.255430e-007,8.141371e-007
6.918309709189331e+000,8.255140e-007,8.141371e-007
7.079457843841344e+000,8.254855e-007,8.141371e-007
7.244359600749864e+000,8.254578e-007,8.141371e-007
7.413102413009137e+000,8.254306e-007,8.141371e-007
7.585775750291798e+000,8.254041e-007,8.141371e-007
7.762471166286877e+000,8.253782e-007,8.141371e-007
7.943282347242774e+000,8.253529e-007,8.141371e-007
8.128305161640951e+000,8.253281e-007,8.141371e-007
8.317637711026666e+000,8.253040e-007,8.141371e-007
8.511380382023720e+000,8.252803e-007,8.141371e-007
8.709635899560761e+000,8.252572e-007,8.141371e-007
8.912509381337408e+000,8.252347e-007,8.141371e-007
9.120108393559049e+000,8.252126e-007,8.141371e-007
9.332543007969861e+000,8.251910e-007,8.141371e-007
9.549925860214309e+000,8.251700e-007,8.141371e-007
9.772372209558055e+000,8.251494e-007,8.141371e-007
9.999999999999947e+000,8.251292e-007,8.141371e-007
1.023292992280749e+001,8.251096e-007,8.141371e-007
1.047128548050894e+001,8.250904e-007,8.141371e-007
1.071519305237601e+001,8.250716e-007,8.141371e-007
1.096478196143179e+001,8.250532e-007,8.141371e-007
1.122018454301957e+001,8.250353e-007,8.141371e-007
1.148153621496876e+001,8.250178e-007,8.141371e-007
1.174897554939523e+001,8.250007e-007,8.141371e-007
1.202264434617406e+001,8.249839e-007,8.141371e-007
1.230268770812375e+001,8.249676e-007,8.141371e-007
1.258925411794160e+001,8.249516e-007,8.141371e-007
1.288249551693127e+001,8.249360e-007,8.141371e-007
1.318256738556400e+001,8.249207e-007,8.141371e-007
1.348962882591646e+001,8.249058e-007,8.141371e-007
1.380384264602877e+001,8.248912e-007,8.141371e-007
1.412537544622746e+001,8.248770e-007,8.141371e-007
1.445439770745919e+001,8.248630e-007,8.141371e-007
1.479108388168199e+001,8.248495e-007,8.141371e-007
1.513561248436199e+001,8.248361e-007,8.141371e-007
1.548816618912472e+001,8.248231e-007,8.141371e-007
1.584893192461104e+001,8.248105e-007,8.141371e-007
1.621810097358920e+001,8.247980e-007,8.141371e-007
1.659586907437550e+001,8.247859e-007,8.141371e-007
1.698243652461734e+001,8.247741e-007,8.141371e-007
1.737800828749365e+001,8.247625e-007,8.141371e-007
1.778279410038912e+001,8.247512e-007,8.141371e-007
1.819700858609972e+001,8.247401e-007,8.141371e-007
1.862087136662855e+001,8.247293e-007,8.141371e-007
1.905460717963235e+001,8.247187e-007,8.141371e-007
1.949844599758032e+001,8.247084e-007,8.141371e-007
1.995262314968866e+001,8.246983e-007,8.141371e-007
2.041737944669515e+001,8.246885e-007,8.141371e-007
2.089296130854025e+001,8.246788e-007,8.141371e-007
2.137962089502218e+001,8.246694e-007,8.141371e-007
2.187761623949537e+001,8.246602e-007,8.141371e-007
2.238721138568324e+001,8.246512e-007,8.141371e-007
2.290867652767757e+001,8.246424e-007,8.141371e-007
2.344228815319906e+001,8.246338e-007,8.141371e-007
2.398832919019474e+001,8.246255e-007,8.141371e-007
2.454708915685013e+001,8.246173e-007,8.141371e-007
2.511886431509563e+001,8.246093e-007,8.141371e-007
2.570395782768846e+001,8.246014e-007,8.141371e-007
2.630267991895363e+001,8.245938e-007,8.141371e-007
2.691534803926897e+001,8.245863e-007,8.141371e-007
2.754228703338147e+001,8.245790e-007,8.141371e-007
2.818382931264434e+001,8.245719e-007,8.141371e-007
2.884031503126585e+001,8.245649e-007,8.141371e-007
2.951209226666364e+001,8.245581e-007,8.141371e-007
3.019951720401994e+001,8.245514e-007,8.141371e-007
3.090295432513568e+001,8.245449e-007,8.141371e-007
3.162277660168356e+001,8.245386e-007,8.141371e-007
3.235936569296258e+001,8.245323e-007,8.141371e-007
3.311311214825886e+001,8.245262e-007,8.141371e-007
3.388441561392000e+001,8.245203e-007,8.141371e-007
3.467368504525290e+001,8.245145e-007,8.141371e-007
3.548133892335728e+001,8.245088e-007,8.141371e-007
3.630780547700986e+001,8.245033e-007,8.141371e-007
3.715352290971697e+001,8.244979e-007,8.141371e-007
3.801893963205583e+001,8.244926e-007,8.141371e-007
3.890451449942776e+001,8.244875e-007,8.141371e-007
3.981071705534941e+001,8.244824e-007,8.141371e-007
4.073802778041095e+001,8.244775e-007,8.141371e-007
4.168693834703321e+001,8.244726e-007,8.141371e-007
4.265795188015893e+001,8.244679e-007,8.141371e-007
4.365158322401625e+001,8.244633e-007,8.141371e-007
4.466835921509595e+001,8.244588e-007,8.141371e-007
4.570881896148713e+001,8.244544e-007,8.141371e-007
4.677351412871944e+001,8.244501e-007,8.141371e-007
4.786300923226344e+001,8.244459e-007,8.141371e-007
4.897788193684422e+001,8.244418e-007,8.141371e-007
5.011872336272682e+001,8.244378e-007,8.141371e-007
5.128613839913606e+001,8.244339e-007,8.141371e-007
5.248074602497682e+001,8.244301e-007,8.141371e-007
5.370317963702482e+001,8.244264e-007,8.141371e-007
5.495408738576199e+001,8.244227e-007,8.141371e-007
5.623413251903443e+001,8.244191e-007,8.141371e-007
5.754399373371521e+001,8.244156e-007,8.141371e-007
5.888436553555840e+001,8.244122e-007,8.141371e-007
6.025595860743526e+001,8.244089e-007,8.141371e-007
6.165950018614769e+001,8.244057e-007,8.141371e-007
6.309573444801878e+001,8.244025e-007,8.141371e-007
6.456542290346499e+001,8.243994e-007,8.141371e-007
6.606934480075903e+001,8.243964e-007,8.141371e-007
6.760829753919759e+001,8.243934e-007,8.141371e-007
6.918309709189305e+001,8.243905e-007,8.141371e-007
7.079457843841317e+001,8.243877e-007,8.141371e-007
7.244359600749837e+001,8.243849e-007,8.141371e-007
7.413102413009111e+001,8.243822e-007,8.141371e-007
7.585775750291771e+001,8.243795e-007,8.141371e-007
7.762471166286849e+001,8.243770e-007,8.141371e-007
7.943282347242744e+001,8.243745e-007,8.141371e-007
8.128305161640920e+001,8.243720e-007,8.141371e-007
8.317637711026636e+001,8.243696e-007,8.141371e-007
8.511380382023688e+001,8.243672e-007,8.141371e-007
8.709635899560728e+001,8.243650e-007,8.141371e-007
8.912509381337374e+001,8.243627e-007,8.141371e-007
9.120108393559013e+001,8.243605e-007,8.141371e-007
9.332543007969824e+001,8.243584e-007,8.141371e-007
9.549925860214270e+001,8.243563e-007,8.141371e-007
9.772372209558016e+001,8.243543e-007,8.141371e-007
9.999999999999906e+001,8.243523e-007,8.141371e-007
1.023292992280745e+002,8.243503e-007,8.141371e-007
1.047128548050890e+002,8.243484e-007,8.141371e-007
1.071519305237596e+002,8.243466e-007,8.141371e-007
1.096478196143175e+002,8.243448e-007,8.141371e-007
1.122018454301953e+002,8.243430e-007,8.141371e-007
1.148153621496872e+002,8.243413e-007,8.141371e-007
1.174897554939518e+002,8.243396e-007,8.141371e-007
1.202264434617402e+002,8.243380e-007,8.141371e-007
1.230268770812370e+002,8.243363e-007,8.141371e-007
1.258925411794155e+002,8.243348e-007,8.141371e-007
1.288249551693122e+002,8.243333e-007,8.141371e-007
1.318256738556394e+002,8.243318e-007,8.141371e-007
1.348962882591640e+002,8.243303e-007,8.141371e-007
1.380384264602871e+002,8.243289e-007,8.141371e-007
1.412537544622740e+002,8.243275e-007,8.141371e-007
1.445439770745913e+002,8.243262e-007,8.141371e-007
1.479108388168193e+002,8.243248e-007,8.141371e-007
1.513561248436193e+002,8.243235e-007,8.141371e-007
1.548816618912466e+002,8.243223e-007,8.141371e-007
1.584893192461097e+002,8.243210e-007,8.141371e-007
1.621810097358913e+002,8.243198e-007,8.141371e-007
1.659586907437543e+002,8.243187e-007,8.141371e-007
1.698243652461727e+002,8.243176e-007,8.141371e-007
1.737800828749357e+002,8.243164e-007,8.141371e-007
1.778279410038904e+002,8.243154e-007,8.141371e-007
1.819700858609964e+002,8.243143e-007,8.141371e-007
1.862087136662848e+002,8.243132e-007,8.141371e-007
1.905460717963227e+002,8.243123e-007,8.141371e-007
1.949844599758025e+002,8.243113e-007,8.141371e-007
1.995262314968859e+002,8.243103e-007,8.141371e-007
2.041737944669508e+002,8.243094e-007,8.141371e-007
2.089296130854017e+002,8.243085e-007,8.141371e-007
2.137962089502209e+002,8.243077e-007,8.141371e-007
2.187761623949529e+002,8.243068e-007,8.141371e-007
2.238721138568316e+002,8.243060e-007,8.141371e-007
2.290867652767749e+002,8.243052e-007,8.141371e-007
2.344228815319897e+002,8.243044e-007,8.141371e-007
2.398832919019465e+002,8.243036e-007,8.141371e-007
2.454708915685004e+002,8.243029e-007,8.141371e-007
2.511886431509553e+002,8.243022e-007,8.141371e-007
2.570395782768836e+002,8.243015e-007,8.141371e-007
2.630267991895354e+002,8.243008e-007,8.141371e-007
2.691534803926887e+002,8.243001e-007,8.141371e-007
2.754228703338137e+002,8.242995e-007,8.141371e-007
2.818382931264423e+002,8.242989e-007,8.141371e-007
2.884031503126574e+002,8.242983e-007,8.141371e-007
2.951209226666354e+002,8.242977e-007,8.141371e-007
3.019951720401983e+002,8.242972e-007,8.141371e-007
3.090295432513557e+002,8.242966e-007,8.141371e-007
3.162277660168345e+002,8.242961e-007,8.141371e-007
3.235936569296247e+002,8.242956e-007,8.141371e-007
3.311311214825875e+002,8.242951e-007,8.141371e-007
3.388441561391988e+002,8.242947e-007,8.141371e-007
3.467368504525278e+002,8.242942e-007,8.141371e-007
3.548133892335715e+002,8.242937e-007,8.141371e-007
3.630780547700973e+002,8.242934e-007,8.141371e-007
3.715352290971684e+002,8.242930e-007,8.141371e-007
3.801893963205569e+002,8.242926e-007,8.141371e-007
3.890451449942762e+002,8.242922e-007,8.141371e-007
3.981071705534927e+002,8.242919e-007,8.141371e-007
4.073802778041081e+002,8.242916e-007,8.141371e-007
4.168693834703306e+002,8.242913e-007,8.141371e-007
4.265795188015877e+002,8.242910e-007,8.141371e-007
4.365158322401609e+002,8.242907e-007,8.141371e-007
4.466835921509579e+002,8.242905e-007,8.141371e-007
4.570881896148697e+002,8.242902e-007,8.141371e-007
4.677351412871927e+002,8.242900e-007,8.141371e-007
4.786300923226327e+002,8.242898e-007,8.141371e-007
4.897788193684405e+002,8.242897e-007,8.141371e-007
5.011872336272664e+002,8.242895e-007,8.141371e-007
5.128613839913588e+002,8.242893e-007,8.141371e-007
5.248074602497665e+002,8.242892e-007,8.141371e-007
5.370317963702464e+002,8.242891e-007,8.141371e-007
5.495408738576181e+002,8.242890e-007,8.141371e-007
5.623413251903425e+002,8.242890e-007,8.141371e-007
5.754399373371501e+002,8.242889e-007,8.141371e-007
5.888436553555820e+002,8.242889e-007,8.141371e-007
6.025595860743506e+002,8.242889e-007,8.141371e-007
6.165950018614748e+002,8.242889e-007,8.141371e-007
6.309573444801856e+002,8.242889e-007,8.141371e-007
6.456542290346476e+002,8.242890e-007,8.141371e-007
6.606934480075879e+002,8.242890e-007,8.141371e-007
6.760829753919735e+002,8.242891e-007,8.141371e-007
6.918309709189280e+002,8.242893e-007,8.141371e-007
7.079457843841292e+002,8.242894e-007,8.141371e-007
7.244359600749812e+002,8.242895e-007,8.141370e-007
7.413102413009084e+002,8.242897e-007,8.141370e-007
7.585775750291745e+002,8.242899e-007,8.141370e-007
7.762471166286822e+002,8.242902e-007,8.141370e-007
7.943282347242717e+002,8.242905e-007,8.141370e-007
8.128305161640892e+002,8.242907e-007,8.141370e-007
8.317637711026607e+002,8.242910e-007,8.141370e-007
8.511380382023659e+002,8.242914e-007,8.141370e-007
8.709635899560698e+002,8.242918e-007,8.141370e-007
8.912509381337344e+002,8.242922e-007,8.141370e-007
9.120108393558983e+002,8.242926e-007,8.141370e-007
9.332543007969792e+002,8.242931e-007,8.141370e-007
9.549925860214238e+002,8.242936e-007,8.141370e-007
9.772372209557982e+002,8.242941e-007,8.141370e-007
9.999999999999872e+002,8.242947e-007,8.141370e-007
1.023292992280741e+003,8.242953e-007,8.141370e-007
1.047128548050886e+003,8.242959e-007,8.141370e-007
1.071519305237592e+003,8.242966e-007,8.141370e-007
1.096478196143171e+003,8.242973e-007,8.141369e-007
1.122018454301949e+003,8.242981e-007,8.141369e-007
1.148153621496868e+003,8.242989e-007,8.141369e-007
1.174897554939514e+003,8.242997e-007,8.141369e-007
1.202264434617397e+003,8.243006e-007,8.141369e-007
1.230268770812365e+003,8.243016e-007,8.141369e-007
1.258925411794151e+003,8.243026e-007,8.141369e-007
1.288249551693117e+003,8.243036e-007,8.141369e-007
1.318256738556389e+003,8.243047e-007,8.141369e-007
1.348962882591635e+003,8.243059e-007,8.141369e-007
1.380384264602866e+003,8.243071e-007,8.141368e-007
1.412537544622735e+003,8.243084e-007,8.141368e-007
1.445439770745908e+003,8.243097e-007,8.141368e-007
1.479108388168187e+003,8.243111e-007,8.141367e-007
1.513561248436188e+003,8.243126e-007,8.141367e-007
1.548816618912460e+003,8.243142e-007,8.141367e-007
1.584893192461092e+003,8.243159e-007,8.141367e-007
1.621810097358908e+003,8.243176e-007,8.141367e-007
1.659586907437538e+003,8.243193e-007,8.141367e-007
1.698243652461721e+003,8.243212e-007,8.141366e-007
1.737800828749352e+003,8.243232e-007,8.141366e-007
1.778279410038899e+003,8.243252e-007,8.141366e-007
1.819700858609959e+003,8.243274e-007,8.141366e-007
1.862087136662842e+003,8.243297e-007,8.141366e-007
1.905460717963221e+003,8.243320e-007,8.141365e-007
1.949844599758018e+003,8.243345e-007,8.141365e-007
1.995262314968852e+003,8.243371e-007,8.141365e-007
2.041737944669501e+003,8.243398e-007,8.141364e-007
2.089296130854011e+003,8.243426e-007,8.141364e-007
2.137962089502203e+003,8.243456e-007,8.141363e-007
2.187761623949522e+003,8.243487e-007,8.141363e-007
2.238721138568309e+003,8.243520e-007,8.141363e-007
2.290867652767741e+003,8.243553e-007,8.141362e-007
2.344228815319890e+003,8.243589e-007,8.141362e-007
2.398832919019457e+003,8.243626e-007,8.141362e-007
2.454708915684996e+003,8.243665e-007,8.141361e-007
2.511886431509545e+003,8.243705e-007,8.141361e-007
2.570395782768828e+003,8.243748e-007,8.141360e-007
2.630267991895345e+003,8.243792e-007,8.141359e-007
2.691534803926878e+003,8.243838e-007,8.141359e-007
2.754228703338128e+003,8.243887e-007,8.141358e-007
2.818382931264414e+003,8.243938e-007,8.141358e-007
2.884031503126565e+003,8.243991e-007,8.141357e-007
2.951209226666344e+003,8.244047e-007,8.141357e-007
3.019951720401973e+003,8.244104e-007,8.141355e-007
3.090295432513546e+003,8.244165e-007,8.141355e-007
3.162277660168334e+003,8.244229e-007,8.141354e-007
3.235936569296236e+003,8.244295e-007,8.141353e-007
3.311311214825863e+003,8.244364e-007,8.141353e-007
3.388441561391976e+003,8.244437e-007,8.141351e-007
3.467368504525266e+003,8.244513e-007,8.141351e-007
3.548133892335703e+003,8.244592e-007,8.141350e-007
3.630780547700960e+003,8.244675e-007,8.141349e-007
3.715352290971671e+003,8.244762e-007,8.141348e-007
3.801893963205556e+003,8.244853e-007,8.141346e-007
3.890451449942748e+003,8.244947e-007,8.141345e-007
3.981071705534913e+003,8.245046e-007,8.141344e-007
4.073802778041067e+003,8.245150e-007,8.141343e-007
4.168693834703292e+003,8.245258e-007,8.141342e-007
4.265795188015863e+003,8.245372e-007,8.141340e-007
4.365158322401594e+003,8.245490e-007,8.141338e-007
4.466835921509563e+003,8.245614e-007,8.141337e-007
4.570881896148680e+003,8.245744e-007,8.141336e-007
4.677351412871911e+003,8.245879e-007,8.141334e-007
4.786300923226310e+003,8.246021e-007,8.141332e-007
4.897788193684387e+003,8.246170e-007,8.141330e-007
5.011872336272646e+003,8.246324e-007,8.141328e-007
5.128613839913570e+003,8.246487e-007,8.141326e-007
5.248074602497645e+003,8.246656e-007,8.141324e-007
5.370317963702444e+003,8.246834e-007,8.141322e-007
5.495408738576160e+003,8.247019e-007,8.141320e-007
5.623413251903404e+003,8.247213e-007,8.141317e-007
5.754399373371480e+003,8.247416e-007,8.141315e-007
5.888436553555798e+003,8.247628e-007,8.141312e-007
6.025595860743483e+003,8.247850e-007,8.141309e-007
6.165950018614725e+003,8.248082e-007,8.141306e-007
6.309573444801834e+003,8.248326e-007,8.141303e-007
6.456542290346454e+003,8.248580e-007,8.141300e-007
6.606934480075856e+003,8.248845e-007,8.141296e-007
6.760829753919711e+003,8.249124e-007,8.141293e-007
6.918309709189256e+003,8.249414e-007,8.141289e-007
7.079457843841267e+003,8.249718e-007,8.141286e-007
7.244359600749786e+003,8.250037e-007,8.141281e-007
7.413102413009058e+003,8.250370e-007,8.141277e-007
7.585775750291718e+003,8.250718e-007,8.141272e-007
7.762471166286794e+003,8.251083e-007,8.141268e-007
7.943282347242689e+003,8.251464e-007,8.141263e-007
8.128305161640863e+003,8.251863e-007,8.141258e-007
8.317637711026577e+003,8.252280e-007,8.141253e-007
8.511380382023628e+003,8.252717e-007,8.141247e-007
8.709635899560666e+003,8.253173e-007,8.141241e-007
8.912509381337311e+003,8.253651e-007,8.141235e-007
9.120108393558950e+003,8.254152e-007,8.141229e-007
9.332543007969760e+003,8.254675e-007,8.141222e-007
9.549925860214205e+003,8.255222e-007,8.141214e-007
9.772372209557949e+003,8.255794e-007,8.141207e-007
9.999999999999838e+003,8.256394e-007,8.141200e-007
1.023292992280738e+004,8.257021e-007,8.141192e-007
1.047128548050883e+004,8.257677e-007,8.141183e-007
1.071519305237589e+004,8.258363e-007,8.141174e-007
1.096478196143167e+004,8.259082e-007,8.141165e-007
1.122018454301945e+004,8.259833e-007,8.141155e-007
1.148153621496864e+004,8.260620e-007,8.141145e-007
1.174897554939510e+004,8.261442e-007,8.141134e-007
1.202264434617393e+004,8.262303e-007,8.141123e-007
1.230268770812361e+004,8.263204e-007,8.141112e-007
1.258925411794147e+004,8.264147e-007,8.141099e-007
1.288249551693113e+004,8.265134e-007,8.141086e-007
1.318256738556385e+004,8.266167e-007,8.141073e-007
1.348962882591631e+004,8.267247e-007,8.141059e-007
1.380384264602862e+004,8.268377e-007,8.141044e-007
1.412537544622731e+004,8.269560e-007,8.141029e-007
1.445439770745904e+004,8.270798e-007,8.141012e-007
1.479108388168183e+004,8.272094e-007,8.140996e-007
1.513561248436183e+004,8.273449e-007,8.140978e-007
1.548816618912456e+004,8.274868e-007,8.140959e-007
1.584893192461087e+004,8.276352e-007,8.140940e-007
1.621810097358903e+004,8.277906e-007,8.140919e-007
1.659586907437533e+004,8.279532e-007,8.140898e-007
1.698243652461716e+004,8.281233e-007,8.140876e-007
1.737800828749346e+004,8.283013e-007,8.140852e-007
1.778279410038893e+004,8.284876e-007,8.140828e-007
1.819700858609953e+004,8.286825e-007,8.140802e-007
1.862087136662836e+004,8.288865e-007,8.140776e-007
1.905460717963215e+004,8.291000e-007,8.140747e-007
1.949844599758012e+004,8.293234e-007,8.140718e-007
1.995262314968846e+004,8.295572e-007,8.140687e-007
2.041737944669495e+004,8.298018e-007,8.140655e-007
2.089296130854004e+004,8.300577e-007,8.140621e-007
2.137962089502196e+004,8.303256e-007,8.140586e-007
2.187761623949515e+004,8.306059e-007,8.140549e-007
2.238721138568302e+004,8.308992e-007,8.140510e-007
2.290867652767734e+004,8.312061e-007,8.140469e-007
2.344228815319882e+004,8.315272e-007,8.140427e-007
2.398832919019449e+004,8.318632e-007,8.140382e-007
2.454708915684988e+004,8.322149e-007,8.140336e-007
2.511886431509537e+004,8.325828e-007,8.140287e-007
2.570395782768820e+004,8.329677e-007,8.140236e-007
2.630267991895336e+004,8.333705e-007,8.140182e-007
2.691534803926869e+004,8.337919e-007,8.140126e-007
2.754228703338119e+004,8.342328e-007,8.140067e-007
2.818382931264405e+004,8.346942e-007,8.140006e-007
2.884031503126556e+004,8.351768e-007,8.139942e-007
2.951209226666335e+004,8.356818e-007,8.139874e-007
3.019951720401964e+004,8.362100e-007,8.139804e-007
3.090295432513537e+004,8.367627e-007,8.139730e-007
3.162277660168324e+004,8.373408e-007,8.139652e-007
3.235936569296226e+004,8.379457e-007,8.139571e-007
3.311311214825853e+004,8.385783e-007,8.139486e-007
3.388441561391966e+004,8.392402e-007,8.139398e-007
3.467368504525255e+004,8.399324e-007,8.139305e-007
3.548133892335692e+004,8.406565e-007,8.139207e-007
3.630780547700949e+004,8.414139e-007,8.139105e-007
3.715352290971659e+004,8.422060e-007,8.138998e-007
3.801893963205544e+004,8.430344e-007,8.138886e-007
3.890451449942737e+004,8.439008e-007,8.138769e-007
3.981071705534901e+004,8.448069e-007,8.138646e-007
4.073802778041054e+004,8.457544e-007,8.138518e-007
4.168693834703279e+004,8.467451e-007,8.138383e-007
4.265795188015849e+004,8.477811e-007,8.138242e-007
4.365158322401581e+004,8.488643e-007,8.138094e-007
4.466835921509550e+004,8.499967e-007,8.137940e-007
4.570881896148667e+004,8.511806e-007,8.137778e-007
4.677351412871897e+004,8.524183e-007,8.137608e-007
4.786300923226296e+004,8.537120e-007,8.137431e-007
4.897788193684373e+004,8.550643e-007,8.137245e-007
5.011872336272631e+004,8.564778e-007,8.137050e-007
5.128613839913555e+004,8.579549e-007,8.136846e-007
5.248074602497630e+004,8.594985e-007,8.136633e-007
5.370317963702428e+004,8.611116e-007,8.136409e-007
5.495408738576144e+004,8.627970e-007,8.136175e-007
5.623413251903386e+004,8.645579e-007,8.135930e-007
5.754399373371462e+004,8.663974e-007,8.135673e-007
5.888436553555779e+004,8.683190e-007,8.135404e-007
6.025595860743464e+004,8.703261e-007,8.135122e-007
6.165950018614706e+004,8.724222e-007,8.134827e-007
6.309573444801814e+004,8.746111e-007,8.134518e-007
6.456542290346434e+004,8.768968e-007,8.134194e-007
6.606934480075835e+004,8.792830e-007,8.133856e-007
6.760829753919689e+004,8.817742e-007,8.133500e-007
6.918309709189233e+004,8.843745e-007,8.133129e-007
7.079457843841244e+004,8.870883e-007,8.132739e-007
7.244359600749762e+004,8.899203e-007,8.132332e-007
7.413102413009033e+004,8.928752e-007,8.131904e-007
7.585775750291692e+004,8.959579e-007,8.131457e-007
7.762471166286769e+004,8.991735e-007,8.130988e-007
7.943282347242662e+004,9.025273e-007,8.130498e-007
8.128305161640835e+004,9.060246e-007,8.129983e-007
8.317637711026549e+004,9.096711e-007,8.129445e-007
8.511380382023599e+004,9.134724e-007,8.128881e-007
8.709635899560637e+004,9.174344e-007,8.128291e-007
8.912509381337282e+004,9.215634e-007,8.127672e-007
9.120108393558920e+004,9.258654e-007,8.127024e-007
9.332543007969728e+004,9.303470e-007,8.126344e-007
9.549925860214172e+004,9.350148e-007,8.125633e-007
9.772372209557916e+004,9.398755e-007,8.124888e-007
9.999999999999804e+004,9.449362e-007,8.124108e-007
1.023292992280734e+005,9.502040e-007,8.123290e-007
1.047128548050879e+005,9.556862e-007,8.122434e-007
1.071519305237585e+005,9.613904e-007,8.121536e-007
1.096478196143163e+005,9.673241e-007,8.120597e-007
1.122018454301941e+005,9.734953e-007,8.119612e-007
1.148153621496860e+005,9.799120e-007,8.118580e-007
1.174897554939506e+005,9.865823e-007,8.117499e-007
1.202264434617389e+005,9.935147e-007,8.116367e-007
1.230268770812357e+005,1.000718e-006,8.115180e-007
1.258925411794142e+005,1.008200e-006,8.113936e-007
1.288249551693108e+005,1.015970e-006,8.112634e-007
1.318256738556380e+005,1.024037e-006,8.111268e-007
1.348962882591626e+005,1.032411e-006,8.109838e-007
1.380384264602857e+005,1.041100e-006,8.108339e-007
1.412537544622725e+005,1.050114e-006,8.106768e-007
1.445439770745898e+005,1.059462e-006,8.105122e-007
1.479108388168177e+005,1.069154e-006,8.103396e-007
1.513561248436177e+005,1.079201e-006,8.101588e-007
1.548816618912449e+005,1.089611e-006,8.099693e-007
1.584893192461081e+005,1.100395e-006,8.097706e-007
1.621810097358896e+005,1.111563e-006,8.095624e-007
1.659586907437526e+005,1.123125e-006,8.093441e-007
1.698243652461709e+005,1.135091e-006,8.091153e-007
1.737800828749339e+005,1.147472e-006,8.088754e-007
1.778279410038886e+005,1.160278e-006,8.086240e-007
1.819700858609946e+005,1.173520e-006,8.083603e-007
1.862087136662829e+005,1.187208e-006,8.080839e-007
1.905460717963207e+005,1.201353e-006,8.077940e-007
1.949844599758005e+005,1.215965e-006,8.074901e-007
1.995262314968838e+005,1.231054e-006,8.071714e-007
2.041737944669486e+005,1.246632e-006,8.068371e-007
2.089296130853995e+005,1.262709e-006,8.064866e-007
2.137962089502187e+005,1.279296e-006,8.061189e-007
2.187761623949506e+005,1.296402e-006,8.057332e-007
2.238721138568292e+005,1.314039e-006,8.053287e-007
2.290867652767724e+005,1.332217e-006,8.049042e-007
2.344228815319872e+005,1.350946e-006,8.044590e-007
2.398832919019439e+005,1.370236e-006,8.039918e-007
2.454708915684978e+005,1.390098e-006,8.035016e-007
2.511886431509526e+005,1.410541e-006,8.029872e-007
2.570395782768809e+005,1.431575e-006,8.024473e-007
2.630267991895325e+005,1.453210e-006,8.018807e-007
2.691534803926857e+005,1.475456e-006,8.012860e-007
2.754228703338107e+005,1.498320e-006,8.006618e-007
2.818382931264393e+005,1.521813e-006,8.000064e-007
2.884031503126543e+005,1.545942e-006,7.993184e-007
2.951209226666322e+005,1.570717e-006,7.985960e-007
3.019951720401950e+005,1.596144e-006,7.978373e-007
3.090295432513523e+005,1.622232e-006,7.970407e-007
3.162277660168310e+005,1.648988e-006,7.962040e-007
3.235936569296212e+005,1.676417e-006,7.953252e-007
3.311311214825838e+005,1.704526e-006,7.944021e-007
3.388441561391951e+005,1.733320e-006,7.934323e-007
3.467368504525240e+005,1.762805e-006,7.924134e-007
3.548133892335676e+005,1.792983e-006,7.913428e-007
3.630780547700933e+005,1.823858e-006,7.902179e-007
3.715352290971643e+005,1.855432e-006,7.890358e-007
3.801893963205527e+005,1.887707e-006,7.877933e-007
3.890451449942719e+005,1.920682e-006,7.864875e-007
3.981071705534884e+005,1.954357e-006,7.851149e-007
4.073802778041036e+005,1.988730e-006,7.836721e-007
4.168693834703261e+005,2.023796e-006,7.821553e-007
4.265795188015831e+005,2.059551e-006,7.805607e-007
4.365158322401562e+005,2.095988e-006,7.788842e-007
4.466835921509531e+005,2.133099e-006,7.771216e-007
4.570881896148648e+005,2.170872e-006,7.752684e-007
4.677351412871877e+005,2.209296e-006,7.733198e-007
4.786300923226276e+005,2.248356e-006,7.712711e-007
4.897788193684352e+005,2.288035e-006,7.691170e-007
5.011872336272610e+005,2.328313e-006,7.668521e-007
5.128613839913533e+005,2.369167e-006,7.644710e-007
5.248074602497608e+005,2.410573e-006,7.619677e-007
5.370317963702406e+005,2.452501e-006,7.593363e-007
5.495408738576121e+005,2.494921e-006,7.565704e-007
5.623413251903363e+005,2.537795e-006,7.536636e-007
5.754399373371438e+005,2.581086e-006,7.506090e-007
5.888436553555755e+005,2.624750e-006,7.473998e-007
6.025595860743440e+005,2.668738e-006,7.440289e-007
6.165950018614681e+005,2.713001e-006,7.404889e-007
6.309573444801788e+005,2.757481e-006,7.367724e-007
6.456542290346407e+005,2.802116e-006,7.328717e-007
6.606934480075808e+005,2.846842e-006,7.287792e-007
6.760829753919662e+005,2.891586e-006,7.244872e-007
6.918309709189205e+005,2.936272e-006,7.199876e-007
7.079457843841215e+005,2.980820e-006,7.152730e-007
7.244359600749733e+005,3.025141e-006,7.103354e-007
7.413102413009004e+005,3.069144e-006,7.051673e-007
7.585775750291662e+005,3.112731e-006,6.997615e-007
7.762471166286737e+005,3.155801e-006,6.941107e-007
7.943282347242631e+005,3.198245e-006,6.882082e-007
8.128305161640804e+005,3.239952e-006,6.820478e-007
8.317637711026516e+005,3.280806e-006,6.756236e-007
8.511380382023566e+005,3.320687e-006,6.689305e-007
8.709635899560602e+005,3.359471e-006,6.619641e-007
8.912509381337245e+005,3.397033e-006,6.547207e-007
9.120108393558882e+005,3.433246e-006,6.471978e-007
9.332543007969690e+005,3.467980e-006,6.393936e-007
9.549925860214133e+005,3.501107e-006,6.313076e-007
9.772372209557875e+005,3.532497e-006,6.229406e-007
9.999999999999763e+005,3.562026e-006,6.142947e-007
1.023292992280730e+006,3.589569e-006,6.053731e-007
1.047128548050875e+006,3.615007e-006,5.961809e-007
1.071519305237581e+006,3.638226e-006,5.867244e-007
1.096478196143159e+006,3.659119e-006,5.770115e-007
1.122018454301937e+006,3.677586e-006,5.670519e-007
1.148153621496855e+006,3.693536e-006,5.568565e-007
1.174897554939502e+006,3.706888e-006,5.464381e-007
1.202264434617384e+006,3.717573e-006,5.358106e-007
1.230268770812352e+006,3.725531e-006,5.249897e-007
1.258925411794137e+006,3.730718e-006,5.139921e-007
1.288249551693103e+006,3.733100e-006,5.028360e-007
1.318256738556376e+006,3.732659e-006,4.915405e-007
1.348962882591621e+006,3.729391e-006,4.801257e-007
1.380384264602852e+006,3.723303e-006,4.686124e-007
1.412537544622720e+006,3.714418e-006,4.570221e-007
1.445439770745893e+006,3.702773e-006,4.453766e-007
1.479108388168172e+006,3.688417e-006,4.336980e-007
1.513561248436171e+006,3.671411e-006,4.220083e-007
1.548816618912444e+006,3.651828e-006,4.103294e-007
1.584893192461075e+006,3.629751e-006,3.986831e-007
1.621810097358890e+006,3.605275e-006,3.870901e-007
1.659586907437520e+006,3.578499e-006,3.755710e-007
1.698243652461703e+006,3.549534e-006,3.641453e-007
1.737800828749333e+006,3.518495e-006,3.528317e-007
1.778279410038879e+006,3.485501e-006,3.416476e-007
1.819700858609939e+006,3.450676e-006,3.306096e-007
1.862087136662822e+006,3.414147e-006,3.197327e-007
1.905460717963201e+006,3.376041e-006,3.090311e-007
1.949844599757998e+006,3.336487e-006,2.985172e-007
1.995262314968831e+006,3.295612e-006,2.882025e-007
2.041737944669479e+006,3.253542e-006,2.780970e-007
2.089296130853988e+006,3.210401e-006,2.682094e-007
2.137962089502180e+006,3.166311e-006,2.585471e-007
2.187761623949499e+006,3.121390e-006,2.491164e-007
2.238721138568285e+006,3.075750e-006,2.399223e-007
2.290867652767716e+006,3.029501e-006,2.309687e-007
2.344228815319864e+006,2.982749e-006,2.222584e-007
2.398832919019431e+006,2.935591e-006,2.137933e-007
2.454708915684969e+006,2.888124e-006,2.055742e-007
2.511886431509518e+006,2.840435e-006,1.976013e-007
2.570395782768800e+006,2.792610e-006,1.898737e-007
2.630267991895317e+006,2.744726e-006,1.823900e-007
2.691534803926849e+006,2.696857e-006,1.751481e-007
2.754228703338098e+006,2.649071e-006,1.681452e-007
2.818382931264383e+006,2.601431e-006,1.613782e-007
2.884031503126534e+006,2.553996e-006,1.548433e-007
2.951209226666312e+006,2.506819e-006,1.485364e-007
3.019951720401940e+006,2.459949e-006,1.424533e-007
3.090295432513513e+006,2.413431e-006,1.365890e-007
3.162277660168300e+006,2.367306e-006,1.309388e-007
3.235936569296201e+006,2.321610e-006,1.254975e-007
3.311311214825827e+006,2.276377e-006,1.202597e-007
3.388441561391939e+006,2.231635e-006,1.152200e-007
3.467368504525228e+006,2.187412e-006,1.103730e-007
3.548133892335665e+006,2.143730e-006,1.057131e-007
3.630780547700921e+006,2.100609e-006,1.012347e-007
3.715352290971631e+006,2.058069e-006,9.693220e-008
3.801893963205515e+006,2.016123e-006,9.280005e-008
3.890451449942707e+006,1.974784e-006,8.883273e-008
3.981071705534871e+006,1.934065e-006,8.502474e-008
4.073802778041023e+006,1.893972e-006,8.137071e-008
4.168693834703247e+006,1.854514e-006,7.786529e-008
4.265795188015817e+006,1.815696e-006,7.450326e-008
4.365158322401547e+006,1.777521e-006,7.127949e-008
4.466835921509516e+006,1.739993e-006,6.818895e-008
4.570881896148631e+006,1.703111e-006,6.522675e-008
4.677351412871860e+006,1.666877e-006,6.238810e-008
4.786300923226259e+006,1.631290e-006,5.966833e-008
4.897788193684334e+006,1.596346e-006,5.706292e-008
5.011872336272592e+006,1.562044e-006,5.456745e-008
5.128613839913514e+006,1.528380e-006,5.217765e-008
5.248074602497589e+006,1.495350e-006,4.988939e-008
5.370317963702387e+006,1.462947e-006,4.769863e-008
5.495408738576102e+006,1.431168e-006,4.560149e-008
5.623413251903344e+006,1.400006e-006,4.359422e-008
5.754399373371419e+006,1.369453e-006,4.167319e-008
5.888436553555735e+006,1.339505e-006,3.983488e-008
6.025595860743419e+006,1.310152e-006,3.807593e-008
6.165950018614660e+006,1.281389e-006,3.639306e-008
6.309573444801766e+006,1.253206e-006,3.478313e-008
6.456542290346385e+006,1.225596e-006,3.324311e-008
6.606934480075786e+006,1.198550e-006,3.177010e-008
6.760829753919640e+006,1.172061e-006,3.036128e-008
6.918309709189182e+006,1.146120e-006,2.901396e-008
7.079457843841192e+006,1.120717e-006,2.772554e-008
7.244359600749710e+006,1.095845e-006,2.649353e-008
7.413102413008980e+006,1.071495e-006,2.531553e-008
7.585775750291637e+006,1.047657e-006,2.418924e-008
7.762471166286712e+006,1.024324e-006,2.311245e-008
7.943282347242604e+006,1.001486e-006,2.208305e-008
8.128305161640776e+006,9.791343e-007,2.109899e-008
8.317637711026489e+006,9.572603e-007,2.015833e-008
8.511380382023538e+006,9.358554e-007,1.925920e-008
8.709635899560574e+006,9.149107e-007,1.839979e-008
8.912509381337218e+006,8.944177e-007,1.757838e-008
9.120108393558854e+006,8.743678e-007,1.679333e-008
9.332543007969661e+006,8.547524e-007,1.604306e-008
9.549925860214103e+006,8.355633e-007,1.532604e-008
9.772372209557844e+006,8.167920e-007,1.464084e-008
9.999999999999732e+006,7.984303e-007,1.398605e-008
1.023292992280727e+007,7.804701e-007,1.336035e-008
1.047128548050872e+007,7.629035e-007,1.276246e-008
1.071519305237578e+007,7.457223e-007,1.219116e-008
1.096478196143156e+007,7.289190e-007,1.164528e-008
1.122018454301933e+007,7.124856e-007,1.112371e-008
1.148153621496852e+007,6.964146e-007,1.062538e-008
1.174897554939498e+007,6.806987e-007,1.014925e-008
1.202264434617380e+007,6.653303e-007,9.694358e-009
1.230268770812348e+007,6.503024e-007,9.259755e-009
1.258925411794133e+007,6.356076e-007,8.844547e-009
1.288249551693099e+007,6.212391e-007,8.447876e-009
1.318256738556371e+007,6.071899e-007,8.068921e-009
1.348962882591617e+007,5.934533e-007,7.706896e-009
1.380384264602847e+007,5.800226e-007,7.361052e-009
1.412537544622716e+007,5.668913e-007,7.030670e-009
1.445439770745888e+007,5.540530e-007,6.715062e-009
1.479108388168167e+007,5.415014e-007,6.413574e-009
1.513561248436167e+007,5.292303e-007,6.125576e-009
1.548816618912439e+007,5.172337e-007,5.850469e-009
1.584893192461070e+007,5.055056e-007,5.587678e-009
1.621810097358885e+007,4.940401e-007,5.336656e-009
1.659586907437515e+007,4.828316e-007,5.096877e-009
1.698243652461698e+007,4.718745e-007,4.867840e-009
1.737800828749327e+007,4.611633e-007,4.649068e-009
1.778279410038874e+007,4.506925e-007,4.440100e-009
1.819700858609933e+007,4.404569e-007,4.240501e-009
1.862087136662816e+007,4.304513e-007,4.049851e-009
1.905460717963195e+007,4.206707e-007,3.867750e-009
1.949844599757991e+007,4.111100e-007,3.693817e-009
1.995262314968824e+007,4.017645e-007,3.527687e-009
2.041737944669473e+007,3.926294e-007,3.369010e-009
2.089296130853982e+007,3.836999e-007,3.217454e-009
2.137962089502173e+007,3.749716e-007,3.072699e-009
2.187761623949492e+007,3.664399e-007,2.934441e-009
2.238721138568277e+007,3.581006e-007,2.802390e-009
2.290867652767709e+007,3.499491e-007,2.676267e-009
2.344228815319857e+007,3.419816e-007,2.555808e-009
2.398832919019423e+007,3.341937e-007,2.440757e-009
2.454708915684962e+007,3.265814e-007,2.330874e-009
2.511886431509510e+007,3.191410e-007,2.225926e-009
2.570395782768792e+007,3.118684e-007,2.125692e-009
2.630267991895308e+007,3.047599e-007,2.029961e-009
2.691534803926840e+007,2.978119e-007,1.938531e-009
2.754228703338089e+007,2.910207e-007,1.851208e-009
2.818382931264374e+007,2.843828e-007,1.767810e-009
2.884031503126525e+007,2.778947e-007,1.688159e-009
2.951209226666303e+007,2.715531e-007,1.612088e-009
3.019951720401931e+007,2.653547e-007,1.539436e-009
3.090295432513503e+007,2.592963e-007,1.470049e-009
3.162277660168290e+007,2.533746e-007,1.403781e-009
3.235936569296191e+007,2.475866e-007,1.340492e-009
3.311311214825817e+007,2.419293e-007,1.280049e-009
3.388441561391930e+007,2.363997e-007,1.222322e-009
3.467368504525218e+007,2.309949e-007,1.167191e-009
3.548133892335654e+007,2.257121e-007,1.114539e-009
3.630780547700910e+007,2.205485e-007,1.064254e-009
3.715352290971620e+007,2.155014e-007,1.016230e-009
3.801893963205504e+007,2.105682e-007,9.703662e-010
3.890451449942695e+007,2.057463e-007,9.265647e-010
3.981071705534859e+007,2.010331e-007,8.847330e-010
4.073802778041011e+007,1.964263e-007,8.447826e-010
4.168693834703235e+007,1.919232e-007,8.066290e-010
4.265795188015805e+007,1.875217e-007,7.701915e-010
4.365158322401536e+007,1.832193e-007,7.353930e-010
4.466835921509504e+007,1.790139e-007,7.021597e-010
4.570881896148621e+007,1.749031e-007,6.704213e-010
4.677351412871849e+007,1.708849e-007,6.401106e-010
4.786300923226247e+007,1.669572e-007,6.111635e-010
4.897788193684322e+007,1.631178e-007,5.835186e-010
5.011872336272580e+007,1.593647e-007,5.571174e-010
5.128613839913502e+007,1.556961e-007,5.319040e-010
5.248074602497576e+007,1.521098e-007,5.078249e-010
5.370317963702374e+007,1.486041e-007,4.848293e-010
5.495408738576088e+007,1.451771e-007,4.628683e-010
5.623413251903330e+007,1.418270e-007,4.418955e-010
5.754399373371404e+007,1.385521e-007,4.218664e-010
5.888436553555721e+007,1.353505e-007,4.027385e-010
6.025595860743405e+007,1.322207e-007,3.844715e-010
6.165950018614645e+007,1.291609e-007,3.670264e-010
6.309573444801751e+007,1.261696e-007,3.503665e-010
6.456542290346369e+007,1.232452e-007,3.344563e-010
6.606934480075770e+007,1.203861e-007,3.192622e-010
6.760829753919622e+007,1.175909e-007,3.047519e-010
6.918309709189165e+007,1.148580e-007,2.908948e-010
7.079457843841174e+007,1.121861e-007,2.776614e-010
7.244359600749691e+007,1.095737e-007,2.650237e-010
7.413102413008960e+007,1.070194e-007,2.529549e-010
7.585775750291617e+007,1.045219e-007,2.414294e-010
7.762471166286692e+007,1.020800e-007,2.304228e-010
7.943282347242585e+007,9.969221e-008,2.199117e-010
8.128305161640757e+007,9.735741e-008,2.098739e-010
8.317637711026469e+007,9.507433e-008,2.002882e-010
8.511380382023518e+007,9.284179e-008,1.911341e-010
8.709635899560553e+007,9.065860e-008,1.823922e-010
8.912509381337196e+007,8.852363e-008,1.740441e-010
9.120108393558832e+007,8.643577e-008,1.660720e-010
9.332543007969639e+007,8.439390e-008,1.584590e-010
9.549925860214081e+007,8.239698e-008,1.511890e-010
9.772372209557822e+007,8.044395e-008,1.442466e-010
1.000000000000000e+008,7.853381e-008,1.376171e-010
