frequency,V(onoise),V(r1)
1.000000000000000e-001,8.159386e-007,4.524919e-009
1.023292992280754e-001,8.066036e-007,4.524919e-009
1.047128548050900e-001,7.973756e-007,4.524919e-009
1.071519305237607e-001,7.882533e-007,4.524919e-009
1.096478196143185e-001,7.792354e-007,4.524919e-009
1.122018454301964e-001,7.703208e-007,4.524919e-009
1.148153621496883e-001,7.615083e-007,4.524919e-009
1.174897554939530e-001,7.527968e-007,4.524919e-009
1.202264434617413e-001,7.441851e-007,4.524919e-009
1.230268770812382e-001,7.356719e-007,4.524919e-009
1.258925411794167e-001,7.272563e-007,4.524919e-009
1.288249551693134e-001,7.189371e-007,4.524919e-009
1.318256738556407e-001,7.107132e-007,4.524919e-009
1.348962882591653e-001,7.025835e-007,4.524919e-009
1.380384264602884e-001,6.945469e-007,4.524919e-009
1.412537544622754e-001,6.866024e-007,4.524919e-009
1.445439770745927e-001,6.787489e-007,4.524919e-009
1.479108388168207e-001,6.709853e-007,4.524919e-009
1.513561248436207e-001,6.633107e-007,4.524919e-009
1.548816618912480e-001,6.557241e-007,4.524919e-009
1.584893192461112e-001,6.482243e-007,4.524919e-009
1.621810097358929e-001,6.408105e-007,4.524919e-009
1.659586907437559e-001,6.334815e-007,4.524919e-009
1.698243652461743e-001,6.262366e-007,4.524919e-009
1.737800828749374e-001,6.190747e-007,4.524919e-009
1.778279410038921e-001,6.119948e-007,4.524919e-009
1.819700858609982e-001,6.049960e-007,4.524919e-009
1.862087136662866e-001,5.980775e-007,4.524919e-009
1.905460717963245e-001,5.912382e-007,4.524919e-009
1.949844599758043e-001,5.844773e-007,4.524919e-009
1.995262314968878e-001,5.777939e-007,4.524919e-009
2.041737944669527e-001,5.711869e-007,4.524919e-009
2.089296130854037e-001,5.646558e-007,4.524919e-009
2.137962089502230e-001,5.581995e-007,4.524919e-009
2.187761623949550e-001,5.518172e-007,4.524919e-009
2.238721138568337e-001,5.455080e-007,4.524919e-009
2.290867652767770e-001,5.392711e-007,4.524919e-009
2.344228815319919e-001,5.331057e-007,4.524919e-009
2.398832919019487e-001,5.270110e-007,4.524919e-009
2.454708915685027e-001,5.209861e-007,4.524919e-009
2.511886431509577e-001,5.150303e-007,4.524919e-009
2.570395782768861e-001,5.091428e-007,4.524919e-009
2.630267991895379e-001,5.033227e-007,4.524919e-009
2.691534803926912e-001,4.975693e-007,4.524919e-009
2.754228703338163e-001,4.918820e-007,4.524919e-009
2.818382931264450e-001,4.862598e-007,4.524919e-009
2.884031503126602e-001,4.807020e-007,4.524919e-009
2.951209226666382e-001,4.752080e-007,4.524919e-009
3.019951720402012e-001,4.697769e-007,4.524919e-009
3.090295432513586e-001,4.644081e-007,4.524919e-009
3.162277660168375e-001,4.591009e-007,4.524919e-009
3.235936569296278e-001,4.538546e-007,4.524919e-009
3.311311214825907e-001,4.486683e-007,4.524919e-009
3.388441561392021e-001,4.435416e-007,4.524919e-009
3.467368504525312e-001,4.384737e-007,4.524919e-009
3.548133892335750e-001,4.334638e-007,4.524919e-009
3.630780547701009e-001,4.285115e-007,4.524919e-009
3.715352290971720e-001,4.236159e-007,4.524919e-009
3.801893963205607e-001,4.187765e-007,4.524919e-009
3.890451449942800e-001,4.139926e-007,4.524919e-009
3.981071705534967e-001,4.092635e-007,4.524919e-009
4.073802778041121e-001,4.045887e-007,4.524919e-009
4.168693834703348e-001,3.999675e-007,4.524919e-009
4.265795188015920e-001,3.953994e-007,4.524919e-009
4.365158322401653e-001,3.908837e-007,4.524919e-009
4.466835921509624e-001,3.864197e-007,4.524919e-009
4.570881896148742e-001,3.820070e-007,4.524919e-009
4.677351412871974e-001,3.776449e-007,4.524919e-009
4.786300923226375e-001,3.733329e-007,4.524919e-009
4.897788193684454e-001,3.690704e-007,4.524919e-009
5.011872336272715e-001,3.648567e-007,4.524919e-009
5.128613839913641e-001,3.606915e-007,4.524919e-009
5.248074602497718e-001,3.565740e-007,4.524919e-009
5.370317963702519e-001,3.525039e-007,4.524919e-009
5.495408738576236e-001,3.484804e-007,4.524919e-009
5.623413251903481e-001,3.445031e-007,4.524919e-009
5.754399373371559e-001,3.405715e-007,4.524919e-009
5.888436553555879e-001,3.366850e-007,4.524919e-009
6.025595860743567e-001,3.328432e-007,4.524919e-009
6.165950018614811e-001,3.290455e-007,4.524919e-009
6.309573444801921e-001,3.252914e-007,4.524919e-009
6.456542290346544e-001,3.215804e-007,4.524919e-009
6.606934480075949e-001,3.179120e-007,4.524919e-009
6.760829753919806e-001,3.142858e-007,4.524919e-009
6.918309709189353e-001,3.107012e-007,4.524919e-009
7.079457843841367e-001,3.071578e-007,4.524919e-009
7.244359600749888e-001,3.036552e-007,4.524919e-009
7.413102413009162e-001,3.001927e-007,4.524919e-009
7.585775750291823e-001,2.967701e-007,4.524919e-009
7.762471166286903e-001,2.933868e-007,4.524919e-009
7.943282347242799e-001,2.900424e-007,4.524919e-009
8.128305161640976e-001,2.867364e-007,4.524919e-009
8.317637711026693e-001,2.834684e-007,4.524919e-009
8.511380382023747e-001,2.802381e-007,4.524919e-009
8.709635899560788e-001,2.770448e-007,4.524919e-009
8.912509381337437e-001,2.738883e-007,4.524919e-009
9.120108393559078e-001,2.707681e-007,4.524919e-009
9.332543007969890e-001,2.676837e-007,4.524919e-009
9.549925860214339e-001,2.646348e-007,4.524919e-009
9.772372209558086e-001,2.616211e-007,4.524919e-009
9.999999999999978e-001,2.586420e-007,4.524919e-009
1.023292992280752e+000,2.556972e-007,4.524919e-009
1.047128548050897e+000,2.527862e-007,4.524919e-009
1.071519305237604e+000,2.499088e-007,4.524919e-009
1.096478196143182e+000,2.470645e-007,4.524919e-009
1.122018454301961e+000,2.442530e-007,4.524919e-009
1.148153621496880e+000,2.414738e-007,4.524919e-009
1.174897554939527e+000,2.387266e-007,4.524919e-009
1.202264434617410e+000,2.360111e-007,4.524919e-009
1.230268770812378e+000,2.333268e-007,4.524919e-009
1.258925411794164e+000,2.306735e-007,4.524919e-009
1.288249551693131e+000,2.280508e-007,4.524919e-009
1.318256738556404e+000,2.254583e-007,4.524919e-009
1.348962882591650e+000,2.228956e-007,4.524919e-009
1.380384264602881e+000,2.203625e-007,4.524919e-009
1.412537544622750e+000,2.178586e-007,4.524919e-009
1.445439770745923e+000,2.153836e-007,4.524919e-009
1.479108388168203e+000,2.129372e-007,4.524919e-009
1.513561248436204e+000,2.105189e-007,4.524919e-009
1.548816618912477e+000,2.081286e-007,4.524918e-009
1.584893192461109e+000,2.057658e-007,4.524918e-009
1.621810097358925e+000,2.034303e-007,4.524918e-009
1.659586907437555e+000,2.011218e-007,4.524918e-009
1.698243652461739e+000,1.988400e-007,4.524918e-009
1.737800828749370e+000,1.965844e-007,4.524918e-009
1.778279410038917e+000,1.943550e-007,4.524918e-009
1.819700858609977e+000,1.921513e-007,4.524918e-009
1.862087136662861e+000,1.899731e-007,4.524918e-009
1.905460717963241e+000,1.878200e-007,4.524918e-009
1.949844599758039e+000,1.856919e-007,4.524918e-009
1.995262314968873e+000,1.835883e-007,4.524918e-009
2.041737944669523e+000,1.815091e-007,4.524918e-009
2.089296130854033e+000,1.794539e-007,4.524918e-009
2.137962089502225e+000,1.774226e-007,4.524918e-009
2.187761623949545e+000,1.754147e-007,4.524918e-009
2.238721138568332e+000,1.734301e-007,4.524918e-009
2.290867652767766e+000,1.714685e-007,4.524918e-009
2.344228815319914e+000,1.695296e-007,4.524918e-009
2.398832919019482e+000,1.676131e-007,4.524918e-009
2.454708915685022e+000,1.657189e-007,4.524918e-009
2.511886431509572e+000,1.638466e-007,4.524918e-009
2.570395782768855e+000,1.619961e-007,4.524918e-009
2.630267991895373e+000,1.601670e-007,4.524918e-009
2.691534803926906e+000,1.583592e-007,4.524918e-009
2.754228703338157e+000,1.565723e-007,4.524918e-009
2.818382931264444e+000,1.548062e-007,4.524918e-009
2.884031503126595e+000,1.530606e-007,4.524918e-009
2.951209226666375e+000,1.513352e-007,4.524918e-009
3.019951720402005e+000,1.496300e-007,4.524918e-009
3.090295432513579e+000,1.479445e-007,4.524918e-009
3.162277660168367e+000,1.462787e-007,4.524918e-009
3.235936569296270e+000,1.446323e-007,4.524918e-009
3.311311214825898e+000,1.430050e-007,4.524918e-009
3.388441561392012e+000,1.413967e-007,4.524918e-009
3.467368504525302e+000,1.398071e-007,4.524918e-009
3.548133892335740e+000,1.382360e-007,4.524918e-009
3.630780547700999e+000,1.366832e-007,4.524918e-009
3.715352290971711e+000,1.351486e-007,4.524918e-009
3.801893963205597e+000,1.336318e-007,4.524918e-009
3.890451449942790e+000,1.321328e-007,4.524918e-009
3.981071705534956e+000,1.306513e-007,4.524918e-009
4.073802778041110e+000,1.291871e-007,4.524918e-009
4.168693834703337e+000,1.277400e-007,4.524918e-009
4.265795188015909e+000,1.263098e-007,4.524918e-009
4.365158322401642e+000,1.248964e-007,4.524918e-009
4.466835921509612e+000,1.234995e-007,4.524918e-009
4.570881896148731e+000,1.221189e-007,4.524918e-009
4.677351412871962e+000,1.207546e-007,4.524918e-009
4.786300923226363e+000,1.194062e-007,4.524918e-009
4.897788193684440e+000,1.180737e-007,4.524918e-009
5.011872336272701e+000,1.167568e-007,4.524918e-009
5.128613839913625e+000,1.154553e-007,4.524918e-009
5.248074602497702e+000,1.141692e-007,4.524918e-009
5.370317963702503e+000,1.128982e-007,4.524918e-009
5.495408738576220e+000,1.116421e-007,4.524918e-009
5.623413251903465e+000,1.104008e-007,4.524918e-009
5.754399373371542e+000,1.091741e-007,4.524918e-009
5.888436553555861e+000,1.079619e-007,4.524918e-009
6.025595860743549e+000,1.067640e-007,4.524918e-009
6.165950018614792e+000,1.055802e-007,4.524918e-009
6.309573444801902e+000,1.044105e-007,4.524918e-009
6.456542290346524e+000,1.032545e-007,4.524918e-009
6.606934480075928e+000,1.021122e-007,4.524918e-009
6.760829753919785e+000,1.009834e-007,4.524918e-009
6.918309709189331e+000,9.986802e-008,4.524918e-009
7.079457843841344e+000,9.876583e-008,4.524918e-009
7.244359600749864e+000,9.767672e-008,4.524918e-009
7.413102413009137e+000,9.660054e-008,4.524918e-009
7.585775750291798e+000,9.553714e-008,4.524918e-009
7.762471166286877e+000,9.448639e-008,4.524918e-009
7.943282347242774e+000,9.344814e-008,4.524918e-009
8.128305161640951e+000,9.242225e-008,4.524918e-009
8.317637711026666e+000,9.140860e-008,4.524918e-009
8.511380382023720e+000,9.040704e-008,4.524918e-009
8.709635899560761e+000,8.941744e-008,4.524918e-009
8.912509381337408e+000,8.843967e-008,4.524918e-009
9.120108393559049e+000,8.747359e-008,4.524918e-009
9.332543007969861e+000,8.651909e-008,4.524918e-009
9.549925860214309e+000,8.557603e-008,4.524918e-009
9.772372209558055e+000,8.464429e-008,4.524918e-009
9.999999999999947e+000,8.372374e-008,4.524918e-009
1.023292992280749e+001,8.281425e-008,4.524918e-009
1.047128548050894e+001,8.191572e-008,4.524918e-009
1.071519305237601e+001,8.102801e-008,4.524918e-009
1.096478196143179e+001,8.015101e-008,4.524918e-009
1.122018454301957e+001,7.928460e-008,4.524917e-009
1.148153621496876e+001,7.842867e-008,4.524917e-009
1.174897554939523e+001,7.758310e-008,4.524917e-009
1.202264434617406e+001,7.674777e-008,4.524917e-009
1.230268770812375e+001,7.592258e-008,4.524917e-009
1.258925411794160e+001,7.510742e-008,4.524917e-009
1.288249551693127e+001,7.430217e-008,4.524917e-009
1.318256738556400e+001,7.350673e-008,4.524917e-009
1.348962882591646e+001,7.272099e-008,4.524917e-009
1.380384264602877e+001,7.194485e-008,4.524917e-009
1.412537544622746e+001,7.117819e-008,4.524917e-009
1.445439770745919e+001,7.042093e-008,4.524917e-009
1.479108388168199e+001,6.967295e-008,4.524917e-009
1.513561248436199e+001,6.893416e-008,4.524917e-009
1.548816618912472e+001,6.820445e-008,4.524917e-009
1.584893192461104e+001,6.748373e-008,4.524916e-009
1.621810097358920e+001,6.677190e-008,4.524916e-009
1.659586907437550e+001,6.606887e-008,4.524916e-009
1.698243652461734e+001,6.537453e-008,4.524916e-009
1.737800828749365e+001,6.468881e-008,4.524916e-009
1.778279410038912e+001,6.401159e-008,4.524916e-009
1.819700858609972e+001,6.334279e-008,4.524916e-009
1.862087136662855e+001,6.268232e-008,4.524916e-009
1.905460717963235e+001,6.203010e-008,4.524916e-009
1.949844599758032e+001,6.138602e-008,4.524916e-009
1.995262314968866e+001,6.075001e-008,4.524916e-009
2.041737944669515e+001,6.012198e-008,4.524916e-009
2.089296130854025e+001,5.950183e-008,4.524915e-009
2.137962089502218e+001,5.888950e-008,4.524915e-009
2.187761623949537e+001,5.828489e-008,4.524915e-009
2.238721138568324e+001,5.768792e-008,4.524915e-009
2.290867652767757e+001,5.709851e-008,4.524915e-009
2.344228815319906e+001,5.651658e-008,4.524915e-009
2.398832919019474e+001,5.594205e-008,4.524914e-009
2.454708915685013e+001,5.537483e-008,4.524914e-009
2.511886431509563e+001,5.481486e-008,4.524914e-009
2.570395782768846e+001,5.426205e-008,4.524914e-009
2.630267991895363e+001,5.371633e-008,4.524913e-009
2.691534803926897e+001,5.317762e-008,4.524913e-009
2.754228703338147e+001,5.264585e-008,4.524913e-009
2.818382931264434e+001,5.212094e-008,4.524912e-009
2.884031503126585e+001,5.160281e-008,4.524912e-009
2.951209226666364e+001,5.109142e-008,4.524912e-009
3.019951720401994e+001,5.058666e-008,4.524912e-009
3.090295432513568e+001,5.008848e-008,4.524912e-009
3.162277660168356e+001,4.959681e-008,4.524911e-009
3.235936569296258e+001,4.911157e-008,4.524911e-009
3.311311214825886e+001,4.863270e-008,4.524911e-009
3.388441561392000e+001,4.816013e-008,4.524910e-009
3.467368504525290e+001,4.769380e-008,4.524910e-009
3.548133892335728e+001,4.723363e-008,4.524909e-009
3.630780547700986e+001,4.677956e-008,4.524909e-009
3.715352290971697e+001,4.633153e-008,4.524908e-009
3.801893963205583e+001,4.588948e-008,4.524908e-009
3.890451449942776e+001,4.545333e-008,4.524908e-009
3.981071705534941e+001,4.502303e-008,4.524907e-009
4.073802778041095e+001,4.459851e-008,4.524906e-009
4.168693834703321e+001,4.417971e-008,4.524906e-009
4.265795188015893e+001,4.376658e-008,4.524905e-009
4.365158322401625e+001,4.335905e-008,4.524904e-009
4.466835921509595e+001,4.295705e-008,4.524904e-009
4.570881896148713e+001,4.256055e-008,4.524903e-009
4.677351412871944e+001,4.216946e-008,4.524903e-009
4.786300923226344e+001,4.178374e-008,4.524902e-009
4.897788193684422e+001,4.140334e-008,4.524901e-009
5.011872336272682e+001,4.102818e-008,4.524900e-009
5.128613839913606e+001,4.065821e-008,4.524899e-009
5.248074602497682e+001,4.029339e-008,4.524898e-009
5.370317963702482e+001,3.993365e-008,4.524897e-009
5.495408738576199e+001,3.957894e-008,4.524896e-009
5.623413251903443e+001,3.922921e-008,4.524896e-009
5.754399373371521e+001,3.888440e-008,4.524894e-009
5.888436553555840e+001,3.854446e-008,4.524893e-009
6.025595860743526e+001,3.820933e-008,4.524892e-009
6.165950018614769e+001,3.787897e-008,4.524891e-009
6.309573444801878e+001,3.755332e-008,4.524889e-009
6.456542290346499e+001,3.723233e-008,4.524888e-009
6.606934480075903e+001,3.691595e-008,4.524887e-009
6.760829753919759e+001,3.660413e-008,4.524885e-009
6.918309709189305e+001,3.629683e-008,4.524884e-009
7.079457843841317e+001,3.599398e-008,4.524882e-009
7.244359600749837e+001,3.569554e-008,4.524880e-009
7.413102413009111e+001,3.540147e-008,4.524878e-009
7.585775750291771e+001,3.511171e-008,4.524876e-009
7.762471166286849e+001,3.482621e-008,4.524875e-009
7.943282347242744e+001,3.454494e-008,4.524872e-009
8.128305161640920e+001,3.426784e-008,4.524870e-009
8.317637711026636e+001,3.399487e-008,4.524868e-009
8.511380382023688e+001,3.372597e-008,4.524866e-009
8.709635899560728e+001,3.346111e-008,4.524863e-009
8.912509381337374e+001,3.320023e-008,4.524860e-009
9.120108393559013e+001,3.294330e-008,4.524858e-009
9.332543007969824e+001,3.269026e-008,4.524855e-009
9.549925860214270e+001,3.244108e-008,4.524852e-009
9.772372209558016e+001,3.219571e-008,4.524849e-009
9.999999999999906e+001,3.195410e-008,4.524846e-009
1.023292992280745e+002,3.171622e-008,4.524842e-009
1.047128548050890e+002,3.148201e-008,4.524839e-009
1.071519305237596e+002,3.125144e-008,4.524835e-009
1.096478196143175e+002,3.102446e-008,4.524831e-009
1.122018454301953e+002,3.080103e-008,4.524827e-009
1.148153621496872e+002,3.058111e-008,4.524823e-009
1.174897554939518e+002,3.036466e-008,4.524818e-009
1.202264434617402e+002,3.015163e-008,4.524814e-009
1.230268770812370e+002,2.994199e-008,4.524809e-009
1.258925411794155e+002,2.973569e-008,4.524804e-009
1.288249551693122e+002,2.953270e-008,4.524798e-009
1.318256738556394e+002,2.933297e-008,4.524793e-009
1.348962882591640e+002,2.913646e-008,4.524787e-009
1.380384264602871e+002,2.894314e-008,4.524781e-009
1.412537544622740e+002,2.875296e-008,4.524774e-009
1.445439770745913e+002,2.856589e-008,4.524768e-009
1.479108388168193e+002,2.838189e-008,4.524761e-009
1.513561248436193e+002,2.820092e-008,4.524753e-009
1.548816618912466e+002,2.802293e-008,4.524746e-009
1.584893192461097e+002,2.784790e-008,4.524737e-009
1.621810097358913e+002,2.767578e-008,4.524729e-009
1.659586907437543e+002,2.750654e-008,4.524721e-009
1.698243652461727e+002,2.734014e-008,4.524711e-009
1.737800828749357e+002,2.717655e-008,4.524702e-009
1.778279410038904e+002,2.701572e-008,4.524692e-009
1.819700858609964e+002,2.685762e-008,4.524681e-009
1.862087136662848e+002,2.670222e-008,4.524670e-009
1.905460717963227e+002,2.654948e-008,4.524659e-009
1.949844599758025e+002,2.639936e-008,4.524647e-009
1.995262314968859e+002,2.625182e-008,4.524634e-009
2.041737944669508e+002,2.610684e-008,4.524621e-009
2.089296130854017e+002,2.596438e-008,4.524608e-009
2.137962089502209e+002,2.582441e-008,4.524594e-009
2.187761623949529e+002,2.568688e-008,4.524578e-009
2.238721138568316e+002,2.555177e-008,4.524563e-009
2.290867652767749e+002,2.541904e-008,4.524547e-009
2.344228815319897e+002,2.528866e-008,4.524530e-009
2.398832919019465e+002,2.516059e-008,4.524512e-009
2.454708915685004e+002,2.503481e-008,4.524494e-009
2.511886431509553e+002,2.491127e-008,4.524474e-009
2.570395782768836e+002,2.478996e-008,4.524454e-009
2.630267991895354e+002,2.467083e-008,4.524433e-009
2.691534803926887e+002,2.455385e-008,4.524411e-009
2.754228703338137e+002,2.443900e-008,4.524388e-009
2.818382931264423e+002,2.432624e-008,4.524364e-009
2.884031503126574e+002,2.421554e-008,4.524340e-009
2.951209226666354e+002,2.410686e-008,4.524313e-009
3.019951720401983e+002,2.400019e-008,4.524286e-009
3.090295432513557e+002,2.389548e-008,4.524258e-009
3.162277660168345e+002,2.379272e-008,4.524229e-009
3.235936569296247e+002,2.369186e-008,4.524198e-009
3.311311214825875e+002,2.359288e-008,4.524166e-009
3.388441561391988e+002,2.349576e-008,4.524133e-009
3.467368504525278e+002,2.340045e-008,4.524098e-009
3.548133892335715e+002,2.330694e-008,4.524062e-009
3.630780547700973e+002,2.321520e-008,4.524025e-009
3.715352290971684e+002,2.312519e-008,4.523986e-009
3.801893963205569e+002,2.303689e-008,4.523946e-009
3.890451449942762e+002,2.295028e-008,4.523904e-009
3.981071705534927e+002,2.286532e-008,4.523860e-009
4.073802778041081e+002,2.278199e-008,4.523815e-009
4.168693834703306e+002,2.270026e-008,4.523768e-009
4.265795188015877e+002,2.262011e-008,4.523718e-009
4.365158322401609e+002,2.254151e-008,4.523668e-009
4.466835921509579e+002,2.246443e-008,4.523615e-009
4.570881896148697e+002,2.238885e-008,4.523560e-009
4.677351412871927e+002,2.231475e-008,4.523503e-009
4.786300923226327e+002,2.224209e-008,4.523445e-009
4.897788193684405e+002,2.217087e-008,4.523384e-009
5.011872336272664e+002,2.210104e-008,4.523321e-009
5.128613839913588e+002,2.203259e-008,4.523256e-009
5.248074602497665e+002,2.196549e-008,4.523188e-009
5.370317963702464e+002,2.189972e-008,4.523119e-009
5.495408738576181e+002,2.183526e-008,4.523047e-009
5.623413251903425e+002,2.177209e-008,4.522973e-009
5.754399373371501e+002,2.171018e-008,4.522896e-009
5.888436553555820e+002,2.164950e-008,4.522817e-009
6.025595860743506e+002,2.159005e-008,4.522735e-009
6.165950018614748e+002,2.153179e-008,4.522651e-009
6.309573444801856e+002,2.147471e-008,4.522565e-009
6.456542290346476e+002,2.141878e-008,4.522476e-009
6.606934480075879e+002,2.136398e-008,4.522384e-009
6.760829753919735e+002,2.131030e-008,4.522290e-009
6.918309709189280e+002,2.125771e-008,4.522194e-009
7.079457843841292e+002,2.120619e-008,4.522095e-009
7.244359600749812e+002,2.115573e-008,4.521993e-009
7.413102413009084e+002,2.110630e-008,4.521889e-009
7.585775750291745e+002,2.105788e-008,4.521783e-009
7.762471166286822e+002,2.101047e-008,4.521673e-009
7.943282347242717e+002,2.096403e-008,4.521562e-009
8.128305161640892e+002,2.091855e-008,4.521448e-009
8.317637711026607e+002,2.087400e-008,4.521332e-009
8.511380382023659e+002,2.083039e-008,4.521214e-009
8.709635899560698e+002,2.078768e-008,4.521093e-009
8.912509381337344e+002,2.074586e-008,4.520971e-009
9.120108393558983e+002,2.070491e-008,4.520846e-009
9.332543007969792e+002,2.066482e-008,4.520719e-009
9.549925860214238e+002,2.062557e-008,4.520591e-009
9.772372209557982e+002,2.058714e-008,4.520460e-009
9.999999999999872e+002,2.054952e-008,4.520328e-009
1.023292992280741e+003,2.051268e-008,4.520194e-009
1.047128548050886e+003,2.047663e-008,4.520059e-009
1.071519305237592e+003,2.044134e-008,4.519923e-009
1.096478196143171e+003,2.040679e-008,4.519785e-009
1.122018454301949e+003,2.037297e-008,4.519647e-009
1.148153621496868e+003,2.033988e-008,4.519507e-009
1.174897554939514e+003,2.030748e-008,4.519367e-009
1.202264434617397e+003,2.027577e-008,4.519226e-009
1.230268770812365e+003,2.024474e-008,4.519084e-009
1.258925411794151e+003,2.021437e-008,4.518942e-009
1.288249551693117e+003,2.018465e-008,4.518800e-009
1.318256738556389e+003,2.015557e-008,4.518658e-009
1.348962882591635e+003,2.012711e-008,4.518516e-009
1.380384264602866e+003,2.009925e-008,4.518374e-009
1.412537544622735e+003,2.007200e-008,4.518232e-009
1.445439770745908e+003,2.004533e-008,4.518091e-009
1.479108388168187e+003,2.001924e-008,4.517951e-009
1.513561248436188e+003,1.999370e-008,4.517811e-009
1.548816618912460e+003,1.996872e-008,4.517673e-009
1.584893192461092e+003,1.994428e-008,4.517536e-009
1.621810097358908e+003,1.992036e-008,4.517399e-009
1.659586907437538e+003,1.989697e-008,4.517265e-009
1.698243652461721e+003,1.987408e-008,4.517132e-009
1.737800828749352e+003,1.985168e-008,4.517000e-009
1.778279410038899e+003,1.982977e-008,4.516870e-009
1.819700858609959e+003,1.980834e-008,4.516741e-009
1.862087136662842e+003,1.978737e-008,4.516615e-009
1.905460717963221e+003,1.976686e-008,4.516491e-009
1.949844599758018e+003,1.974680e-008,4.516368e-009
1.995262314968852e+003,1.972717e-008,4.516248e-009
2.041737944669501e+003,1.970797e-008,4.516130e-009
2.089296130854011e+003,1.968919e-008,4.516015e-009
2.137962089502203e+003,1.967082e-008,4.515901e-009
2.187761623949522e+003,1.965285e-008,4.515790e-009
2.238721138568309e+003,1.963528e-008,4.515682e-009
2.290867652767741e+003,1.961809e-008,4.515575e-009
2.344228815319890e+003,1.960128e-008,4.515472e-009
2.398832919019457e+003,1.958483e-008,4.515371e-009
2.454708915684996e+003,1.956875e-008,4.515272e-009
2.511886431509545e+003,1.955302e-008,4.515176e-009
2.570395782768828e+003,1.953763e-008,4.515083e-009
2.630267991895345e+003,1.952259e-008,4.514991e-009
2.691534803926878e+003,1.950787e-008,4.514903e-009
2.754228703338128e+003,1.949348e-008,4.514817e-009
2.818382931264414e+003,1.947941e-008,4.514733e-009
2.884031503126565e+003,1.946564e-008,4.514652e-009
2.951209226666344e+003,1.945218e-008,4.514574e-009
3.019951720401973e+003,1.943902e-008,4.514497e-009
3.090295432513546e+003,1.942615e-008,4.514423e-009
3.162277660168334e+003,1.941356e-008,4.514352e-009
3.235936569296236e+003,1.940125e-008,4.514282e-009
3.311311214825863e+003,1.938921e-008,4.514215e-009
3.388441561391976e+003,1.937744e-008,4.514151e-009
3.467368504525266e+003,1.936593e-008,4.514088e-009
3.548133892335703e+003,1.935468e-008,4.514027e-009
3.630780547700960e+003,1.934367e-008,4.513969e-009
3.715352290971671e+003,1.933291e-008,4.513913e-009
3.801893963205556e+003,1.932239e-008,4.513859e-009
3.890451449942748e+003,1.931210e-008,4.513806e-009
3.981071705534913e+003,1.930204e-008,4.513756e-009
4.073802778041067e+003,1.929220e-008,4.513707e-009
4.168693834703292e+003,1.928259e-008,4.513660e-009
4.265795188015863e+003,1.927318e-008,4.513615e-009
4.365158322401594e+003,1.926399e-008,4.513571e-009
4.466835921509563e+003,1.925500e-008,4.513530e-009
4.570881896148680e+003,1.924621e-008,4.513489e-009
4.677351412871911e+003,1.923762e-008,4.513451e-009
4.786300923226310e+003,1.922922e-008,4.513414e-009
4.897788193684387e+003,1.922100e-008,4.513378e-009
5.011872336272646e+003,1.921297e-008,4.513343e-009
5.128613839913570e+003,1.920512e-008,4.513310e-009
5.248074602497645e+003,1.919745e-008,4.513279e-009
5.370317963702444e+003,1.918994e-008,4.513248e-009
5.495408738576160e+003,1.918261e-008,4.513219e-009
5.623413251903404e+003,1.917543e-008,4.513191e-009
5.754399373371480e+003,1.916842e-008,4.513164e-009
5.888436553555798e+003,1.916157e-008,4.513138e-009
6.025595860743483e+003,1.915487e-008,4.513113e-009
6.165950018614725e+003,1.914831e-008,4.513090e-009
6.309573444801834e+003,1.914191e-008,4.513067e-009
6.456542290346454e+003,1.913565e-008,4.513045e-009
6.606934480075856e+003,1.912953e-008,4.513024e-009
6.760829753919711e+003,1.912355e-008,4.513004e-009
6.918309709189256e+003,1.911770e-008,4.512985e-009
7.079457843841267e+003,1.911198e-008,4.512966e-009
7.244359600749786e+003,1.910639e-008,4.512949e-009
7.413102413009058e+003,1.910093e-008,4.512932e-009
7.585775750291718e+003,1.909559e-008,4.512916e-009
7.762471166286794e+003,1.909037e-008,4.512900e-009
7.943282347242689e+003,1.908527e-008,4.512885e-009
8.128305161640863e+003,1.908028e-008,4.512871e-009
8.317637711026577e+003,1.907540e-008,4.512857e-009
8.511380382023628e+003,1.907064e-008,4.512844e-009
8.709635899560666e+003,1.906598e-008,4.512832e-009
8.912509381337311e+003,1.906143e-008,4.512820e-009
9.120108393558950e+003,1.905698e-008,4.512808e-009
9.332543007969760e+003,1.905263e-008,4.512797e-009
9.549925860214205e+003,1.904838e-008,4.512787e-009
9.772372209557949e+003,1.904422e-008,4.512777e-009
9.999999999999838e+003,1.904016e-008,4.512767e-009
1.023292992280738e+004,1.903619e-008,4.512758e-009
1.047128548050883e+004,1.903231e-008,4.512749e-009
1.071519305237589e+004,1.902851e-008,4.512740e-009
1.096478196143167e+004,1.902481e-008,4.512732e-009
1.122018454301945e+004,1.902118e-008,4.512724e-009
1.148153621496864e+004,1.901764e-008,4.512717e-009
1.174897554939510e+004,1.901418e-008,4.512710e-009
1.202264434617393e+004,1.901080e-008,4.512703e-009
1.230268770812361e+004,1.900749e-008,4.512696e-009
1.258925411794147e+004,1.900426e-008,4.512690e-009
1.288249551693113e+004,1.900111e-008,4.512684e-009
1.318256738556385e+004,1.899802e-008,4.512678e-009
1.348962882591631e+004,1.899501e-008,4.512672e-009
1.380384264602862e+004,1.899206e-008,4.512667e-009
1.412537544622731e+004,1.898918e-008,4.512662e-009
1.445439770745904e+004,1.898637e-008,4.512657e-009
1.479108388168183e+004,1.898362e-008,4.512652e-009
1.513561248436183e+004,1.898093e-008,4.512648e-009
1.548816618912456e+004,1.897830e-008,4.512644e-009
1.584893192461087e+004,1.897574e-008,4.512639e-009
1.621810097358903e+004,1.897323e-008,4.512635e-009
1.659586907437533e+004,1.897078e-008,4.512631e-009
1.698243652461716e+004,1.896839e-008,4.512627e-009
1.737800828749346e+004,1.896605e-008,4.512624e-009
1.778279410038893e+004,1.896376e-008,4.512620e-009
1.819700858609953e+004,1.896153e-008,4.512617e-009
1.862087136662836e+004,1.895935e-008,4.512613e-009
1.905460717963215e+004,1.895722e-008,4.512610e-009
1.949844599758012e+004,1.895513e-008,4.512607e-009
1.995262314968846e+004,1.895310e-008,4.512604e-009
2.041737944669495e+004,1.895111e-008,4.512601e-009
2.089296130854004e+004,1.894917e-008,4.512598e-009
2.137962089502196e+004,1.894728e-008,4.512595e-009
2.187761623949515e+004,1.894543e-008,4.512593e-009
2.238721138568302e+004,1.894362e-008,4.512590e-009
2.290867652767734e+004,1.894185e-008,4.512587e-009
2.344228815319882e+004,1.894013e-008,4.512585e-009
2.398832919019449e+004,1.893844e-008,4.512582e-009
2.454708915684988e+004,1.893680e-008,4.512580e-009
2.511886431509537e+004,1.893519e-008,4.512577e-009
2.570395782768820e+004,1.893362e-008,4.512575e-009
2.630267991895336e+004,1.893210e-008,4.512572e-009
2.691534803926869e+004,1.893060e-008,4.512570e-009
2.754228703338119e+004,1.892914e-008,4.512567e-009
2.818382931264405e+004,1.892772e-008,4.512565e-009
2.884031503126556e+004,1.892633e-008,4.512562e-009
2.951209226666335e+004,1.892497e-008,4.512560e-009
3.019951720401964e+004,1.892365e-008,4.512557e-009
3.090295432513537e+004,1.892236e-008,4.512555e-009
3.162277660168324e+004,1.892110e-008,4.512553e-009
3.235936569296226e+004,1.891988e-008,4.512550e-009
3.311311214825853e+004,1.891868e-008,4.512548e-009
3.388441561391966e+004,1.891751e-008,4.512545e-009
3.467368504525255e+004,1.891637e-008,4.512543e-009
3.548133892335692e+004,1.891526e-008,4.512540e-009
3.630780547700949e+004,1.891418e-008,4.512537e-009
3.715352290971659e+004,1.891313e-008,4.512534e-009
3.801893963205544e+004,1.891211e-008,4.512532e-009
3.890451449942737e+004,1.891111e-008,4.512529e-009
3.981071705534901e+004,1.891014e-008,4.512526e-009
4.073802778041054e+004,1.890919e-008,4.512523e-009
4.168693834703279e+004,1.890827e-008,4.512520e-009
4.265795188015849e+004,1.890738e-008,4.512517e-009
4.365158322401581e+004,1.890651e-008,4.512513e-009
4.466835921509550e+004,1.890566e-008,4.512510e-009
4.570881896148667e+004,1.890484e-008,4.512506e-009
4.677351412871897e+004,1.890404e-008,4.512502e-009
4.786300923226296e+004,1.890327e-008,4.512499e-009
4.897788193684373e+004,1.890252e-008,4.512495e-009
5.011872336272631e+004,1.890179e-008,4.512491e-009
5.128613839913555e+004,1.890109e-008,4.512486e-009
5.248074602497630e+004,1.890041e-008,4.512482e-009
5.370317963702428e+004,1.889975e-008,4.512478e-009
5.495408738576144e+004,1.889911e-008,4.512473e-009
5.623413251903386e+004,1.889850e-008,4.512468e-009
5.754399373371462e+004,1.889791e-008,4.512462e-009
5.888436553555779e+004,1.889733e-008,4.512457e-009
6.025595860743464e+004,1.889678e-008,4.512451e-009
6.165950018614706e+004,1.889626e-008,4.512446e-009
6.309573444801814e+004,1.889575e-008,4.512439e-009
6.456542290346434e+004,1.889527e-008,4.512433e-009
6.606934480075835e+004,1.889481e-008,4.512426e-009
6.760829753919689e+004,1.889437e-008,4.512419e-009
6.918309709189233e+004,1.889395e-008,4.512412e-009
7.079457843841244e+004,1.889355e-008,4.512405e-009
7.244359600749762e+004,1.889317e-008,4.512397e-009
7.413102413009033e+004,1.889282e-008,4.512389e-009
7.585775750291692e+004,1.889249e-008,4.512380e-009
7.762471166286769e+004,1.889217e-008,4.512371e-009
7.943282347242662e+004,1.889189e-008,4.512361e-009
8.128305161640835e+004,1.889162e-008,4.512351e-009
8.317637711026549e+004,1.889138e-008,4.512341e-009
8.511380382023599e+004,1.889116e-008,4.512331e-009
8.709635899560637e+004,1.889096e-008,4.512319e-009
8.912509381337282e+004,1.889079e-008,4.512307e-009
9.120108393558920e+004,1.889064e-008,4.512295e-009
9.332543007969728e+004,1.889052e-008,4.512282e-009
9.549925860214172e+004,1.889042e-008,4.512268e-009
9.772372209557916e+004,1.889035e-008,4.512254e-009
9.999999999999804e+004,1.889030e-008,4.512239e-009
1.023292992280734e+005,1.889028e-008,4.512224e-009
1.047128548050879e+005,1.889028e-008,4.512207e-009
1.071519305237585e+005,1.889032e-008,4.512191e-009
1.096478196143163e+005,1.889038e-008,4.512173e-009
1.122018454301941e+005,1.889047e-008,4.512154e-009
1.148153621496860e+005,1.889059e-008,4.512135e-009
1.174897554939506e+005,1.889074e-008,4.512114e-009
1.202264434617389e+005,1.889092e-008,4.512093e-009
1.230268770812357e+005,1.889113e-008,4.512071e-009
1.258925411794142e+005,1.889138e-008,4.512047e-009
1.288249551693108e+005,1.889166e-008,4.512023e-009
1.318256738556380e+005,1.889198e-008,4.511997e-009
1.348962882591626e+005,1.889234e-008,4.511970e-009
1.380384264602857e+005,1.889273e-008,4.511942e-009
1.412537544622725e+005,1.889316e-008,4.511913e-009
1.445439770745898e+005,1.889363e-008,4.511882e-009
1.479108388168177e+005,1.889415e-008,4.511850e-009
1.513561248436177e+005,1.889470e-008,4.511816e-009
1.548816618912449e+005,1.889531e-008,4.511781e-009
1.584893192461081e+005,1.889596e-008,4.511744e-009
1.621810097358896e+005,1.889666e-008,4.511705e-009
1.659586907437526e+005,1.889741e-008,4.511664e-009
1.698243652461709e+005,1.889821e-008,4.511622e-009
1.737800828749339e+005,1.889906e-008,4.511577e-009
1.778279410038886e+005,1.889997e-008,4.511531e-009
1.819700858609946e+005,1.890095e-008,4.511482e-009
1.862087136662829e+005,1.890198e-008,4.511431e-009
1.905460717963207e+005,1.890308e-008,4.511377e-009
1.949844599758005e+005,1.890424e-008,4.511322e-009
1.995262314968838e+005,1.890547e-008,4.511263e-009
2.041737944669486e+005,1.890678e-008,4.511202e-009
2.089296130853995e+005,1.890816e-008,4.511138e-009
2.137962089502187e+005,1.890962e-008,4.511070e-009
2.187761623949506e+005,1.891116e-008,4.511000e-009
2.238721138568292e+005,1.891278e-008,4.510926e-009
2.290867652767724e+005,1.891450e-008,4.510849e-009
2.344228815319872e+005,1.891630e-008,4.510768e-009
2.398832919019439e+005,1.891821e-008,4.510683e-009
2.454708915684978e+005,1.892021e-008,4.510595e-009
2.511886431509526e+005,1.892233e-008,4.510502e-009
2.570395782768809e+005,1.892455e-008,4.510405e-009
2.630267991895325e+005,1.892688e-008,4.510303e-009
2.691534803926857e+005,1.892934e-008,4.510197e-009
2.754228703338107e+005,1.893192e-008,4.510085e-009
2.818382931264393e+005,1.893463e-008,4.509968e-009
2.884031503126543e+005,1.893748e-008,4.509846e-009
2.951209226666322e+005,1.894048e-008,4.509718e-009
3.019951720401950e+005,1.894362e-008,4.509584e-009
3.090295432513523e+005,1.894692e-008,4.509444e-009
3.162277660168310e+005,1.895038e-008,4.509297e-009
3.235936569296212e+005,1.895401e-008,4.509143e-009
3.311311214825838e+005,1.895782e-008,4.508982e-009
3.388441561391951e+005,1.896182e-008,4.508813e-009
3.467368504525240e+005,1.896601e-008,4.508637e-009
3.548133892335676e+005,1.897041e-008,4.508452e-009
3.630780547700933e+005,1.897501e-008,4.508258e-009
3.715352290971643e+005,1.897984e-008,4.508056e-009
3.801893963205527e+005,1.898490e-008,4.507843e-009
3.890451449942719e+005,1.899021e-008,4.507621e-009
3.981071705534884e+005,1.899576e-008,4.507389e-009
4.073802778041036e+005,1.900159e-008,4.507145e-009
4.168693834703261e+005,1.900769e-008,4.506890e-009
4.265795188015831e+005,1.901407e-008,4.506624e-009
4.365158322401562e+005,1.902076e-008,4.506344e-009
4.466835921509531e+005,1.902777e-008,4.506052e-009
4.570881896148648e+005,1.903511e-008,4.505745e-009
4.677351412871877e+005,1.904279e-008,4.505424e-009
4.786300923226276e+005,1.905083e-008,4.505089e-009
4.897788193684352e+005,1.905924e-008,4.504737e-009
5.011872336272610e+005,1.906805e-008,4.504370e-009
5.128613839913533e+005,1.907727e-008,4.503984e-009
5.248074602497608e+005,1.908692e-008,4.503581e-009
5.370317963702406e+005,1.909701e-008,4.503159e-009
5.495408738576121e+005,1.910757e-008,4.502717e-009
5.623413251903363e+005,1.911862e-008,4.502255e-009
5.754399373371438e+005,1.913018e-008,4.501771e-009
5.888436553555755e+005,1.914228e-008,4.501264e-009
6.025595860743440e+005,1.915492e-008,4.500733e-009
6.165950018614681e+005,1.916814e-008,4.500178e-009
6.309573444801788e+005,1.918197e-008,4.499597e-009
6.456542290346407e+005,1.919643e-008,4.498988e-009
6.606934480075808e+005,1.921155e-008,4.498351e-009
6.760829753919662e+005,1.922735e-008,4.497685e-009
6.918309709189205e+005,1.924387e-008,4.496987e-009
7.079457843841215e+005,1.926113e-008,4.496257e-009
7.244359600749733e+005,1.927916e-008,4.495492e-009
7.413102413009004e+005,1.929801e-008,4.494693e-009
7.585775750291662e+005,1.931771e-008,4.493856e-009
7.762471166286737e+005,1.933828e-008,4.492979e-009
7.943282347242631e+005,1.935976e-008,4.492062e-009
8.128305161640804e+005,1.938220e-008,4.491103e-009
8.317637711026516e+005,1.940564e-008,4.490099e-009
8.511380382023566e+005,1.943010e-008,4.489048e-009
8.709635899560602e+005,1.945564e-008,4.487949e-009
8.912509381337245e+005,1.948230e-008,4.486798e-009
9.120108393558882e+005,1.951012e-008,4.485595e-009
9.332543007969690e+005,1.953914e-008,4.484335e-009
9.549925860214133e+005,1.956943e-008,4.483018e-009
9.772372209557875e+005,1.960101e-008,4.481639e-009
9.999999999999763e+005,1.963395e-008,4.480197e-009
1.023292992280730e+006,1.966830e-008,4.478688e-009
1.047128548050875e+006,1.970411e-008,4.477110e-009
1.071519305237581e+006,1.974143e-008,4.475459e-009
1.096478196143159e+006,1.978032e-008,4.473732e-009
1.122018454301937e+006,1.982083e-008,4.471926e-009
1.148153621496855e+006,1.986303e-008,4.470038e-009
1.174897554939502e+006,1.990697e-008,4.468062e-009
1.202264434617384e+006,1.995272e-008,4.465996e-009
1.230268770812352e+006,2.000034e-008,4.463836e-009
1.258925411794137e+006,2.004988e-008,4.461578e-009
1.288249551693103e+006,2.010142e-008,4.459217e-009
1.318256738556376e+006,2.015502e-008,4.456748e-009
1.348962882591621e+006,2.021074e-008,4.454167e-009
1.380384264602852e+006,2.026865e-008,4.451469e-009
1.412537544622720e+006,2.032882e-008,4.448649e-009
1.445439770745893e+006,2.039131e-008,4.445702e-009
1.479108388168172e+006,2.045619e-008,4.442622e-009
1.513561248436171e+006,2.052354e-008,4.439404e-009
1.548816618912444e+006,2.059341e-008,4.436041e-009
1.584893192461075e+006,2.066588e-008,4.432527e-009
1.621810097358890e+006,2.074101e-008,4.428857e-009
1.659586907437520e+006,2.081886e-008,4.425023e-009
1.698243652461703e+006,2.089950e-008,4.421019e-009
1.737800828749333e+006,2.098300e-008,4.416838e-009
1.778279410038879e+006,2.106941e-008,4.412472e-009
1.819700858609939e+006,2.115880e-008,4.407913e-009
1.862087136662822e+006,2.125121e-008,4.403154e-009
1.905460717963201e+006,2.134672e-008,4.398188e-009
1.949844599757998e+006,2.144536e-008,4.393004e-009
1.995262314968831e+006,2.154718e-008,4.387595e-009
2.041737944669479e+006,2.165224e-008,4.381952e-009
2.089296130853988e+006,2.176056e-008,4.376066e-009
2.137962089502180e+006,2.187218e-008,4.369926e-009
2.187761623949499e+006,2.198714e-008,4.363524e-009
2.238721138568285e+006,2.210546e-008,4.356850e-009
2.290867652767716e+006,2.222714e-008,4.349892e-009
2.344228815319864e+006,2.235221e-008,4.342641e-009
2.398832919019431e+006,2.248067e-008,4.335086e-009
2.454708915684969e+006,2.261251e-008,4.327215e-009
2.511886431509518e+006,2.274773e-008,4.319018e-009
2.570395782768800e+006,2.288629e-008,4.310483e-009
2.630267991895317e+006,2.302816e-008,4.301596e-009
2.691534803926849e+006,2.317331e-008,4.292348e-009
2.754228703338098e+006,2.332169e-008,4.282725e-009
2.818382931264383e+006,2.347322e-008,4.272715e-009
2.884031503126534e+006,2.362784e-008,4.262305e-009
2.951209226666312e+006,2.378545e-008,4.251483e-009
3.019951720401940e+006,2.394597e-008,4.240234e-009
3.090295432513513e+006,2.410926e-008,4.228546e-009
3.162277660168300e+006,2.427521e-008,4.216407e-009
3.235936569296201e+006,2.444368e-008,4.203801e-009
3.311311214825827e+006,2.461451e-008,4.190717e-009
3.388441561391939e+006,2.478753e-008,4.177140e-009
3.467368504525228e+006,2.496255e-008,4.163057e-009
3.548133892335665e+006,2.513937e-008,4.148454e-009
3.630780547700921e+006,2.531777e-008,4.133319e-009
3.715352290971631e+006,2.549752e-008,4.117637e-009
3.801893963205515e+006,2.567837e-008,4.101397e-009
3.890451449942707e+006,2.586006e-008,4.084584e-009
3.981071705534871e+006,2.604229e-008,4.067186e-009
4.073802778041023e+006,2.622478e-008,4.049191e-009
4.168693834703247e+006,2.640720e-008,4.030587e-009
4.265795188015817e+006,2.658924e-008,4.011363e-009
4.365158322401547e+006,2.677053e-008,3.991506e-009
4.466835921509516e+006,2.695072e-008,3.971006e-009
4.570881896148631e+006,2.712945e-008,3.949854e-009
4.677351412871860e+006,2.730630e-008,3.928039e-009
4.786300923226259e+006,2.748090e-008,3.905552e-009
4.897788193684334e+006,2.765281e-008,3.882386e-009
5.011872336272592e+006,2.782162e-008,3.858533e-009
5.128613839913514e+006,2.798689e-008,3.833987e-009
5.248074602497589e+006,2.814817e-008,3.808741e-009
5.370317963702387e+006,2.830502e-008,3.782791e-009
5.495408738576102e+006,2.845696e-008,3.756132e-009
5.623413251903344e+006,2.860355e-008,3.728763e-009
5.754399373371419e+006,2.874431e-008,3.700681e-009
5.888436553555735e+006,2.887877e-008,3.671886e-009
6.025595860743419e+006,2.900647e-008,3.642378e-009
6.165950018614660e+006,2.912694e-008,3.612159e-009
6.309573444801766e+006,2.923970e-008,3.581232e-009
6.456542290346385e+006,2.934432e-008,3.549601e-009
6.606934480075786e+006,2.944033e-008,3.517271e-009
6.760829753919640e+006,2.952730e-008,3.484249e-009
6.918309709189182e+006,2.960480e-008,3.450543e-009
7.079457843841192e+006,2.967242e-008,3.416162e-009
7.244359600749710e+006,2.972975e-008,3.381117e-009
7.413102413008980e+006,2.977643e-008,3.345419e-009
7.585775750291637e+006,2.981209e-008,3.309082e-009
7.762471166286712e+006,2.983639e-008,3.272120e-009
7.943282347242604e+006,2.984903e-008,3.234549e-009
8.128305161640776e+006,2.984972e-008,3.196385e-009
8.317637711026489e+006,2.983820e-008,3.157647e-009
8.511380382023538e+006,2.981424e-008,3.118353e-009
8.709635899560574e+006,2.977765e-008,3.078525e-009
8.912509381337218e+006,2.972825e-008,3.038183e-009
9.120108393558854e+006,2.966592e-008,2.997350e-009
9.332543007969661e+006,2.959056e-008,2.956050e-009
9.549925860214103e+006,2.950211e-008,2.914306e-009
9.772372209557844e+006,2.940055e-008,2.872144e-009
9.999999999999732e+006,2.928588e-008,2.829590e-009
1.023292992280727e+007,2.915814e-008,2.786671e-009
1.047128548050872e+007,2.901744e-008,2.743414e-009
1.071519305237578e+007,2.886388e-008,2.699848e-009
1.096478196143156e+007,2.869762e-008,2.656001e-009
1.122018454301933e+007,2.851886e-008,2.611901e-009
1.148153621496852e+007,2.832783e-008,2.567580e-009
1.174897554939498e+007,2.812478e-008,2.523067e-009
1.202264434617380e+007,2.791001e-008,2.478391e-009
1.230268770812348e+007,2.768386e-008,2.433584e-009
1.258925411794133e+007,2.744667e-008,2.388677e-009
1.288249551693099e+007,2.719884e-008,2.343699e-009
1.318256738556371e+007,2.694077e-008,2.298682e-009
1.348962882591617e+007,2.667291e-008,2.253657e-009
1.380384264602847e+007,2.639571e-008,2.208653e-009
1.412537544622716e+007,2.610966e-008,2.163703e-009
1.445439770745888e+007,2.581527e-008,2.118835e-009
1.479108388168167e+007,2.551305e-008,2.074081e-009
1.513561248436167e+007,2.520353e-008,2.029469e-009
1.548816618912439e+007,2.488727e-008,1.985029e-009
1.584893192461070e+007,2.456482e-008,1.940790e-009
1.621810097358885e+007,2.423675e-008,1.896781e-009
1.659586907437515e+007,2.390363e-008,1.853029e-009
1.698243652461698e+007,2.356603e-008,1.809561e-009
1.737800828749327e+007,2.322454e-008,1.766405e-009
1.778279410038874e+007,2.287974e-008,1.723586e-009
1.819700858609933e+007,2.253218e-008,1.681129e-009
1.862087136662816e+007,2.218246e-008,1.639060e-009
1.905460717963195e+007,2.183114e-008,1.597401e-009
1.949844599757991e+007,2.147877e-008,1.556175e-009
1.995262314968824e+007,2.112590e-008,1.515406e-009
2.041737944669473e+007,2.077307e-008,1.475113e-009
2.089296130853982e+007,2.042081e-008,1.435318e-009
2.137962089502173e+007,2.006962e-008,1.396038e-009
2.187761623949492e+007,1.972000e-008,1.357294e-009
2.238721138568277e+007,1.937244e-008,1.319101e-009
2.290867652767709e+007,1.902738e-008,1.281476e-009
2.344228815319857e+007,1.868529e-008,1.244435e-009
2.398832919019423e+007,1.834657e-008,1.207992e-009
2.454708915684962e+007,1.801164e-008,1.172160e-009
2.511886431509510e+007,1.768088e-008,1.136950e-009
2.570395782768792e+007,1.735464e-008,1.102374e-009
2.630267991895308e+007,1.703326e-008,1.068442e-009
2.691534803926840e+007,1.671707e-008,1.035162e-009
2.754228703338089e+007,1.640636e-008,1.002542e-009
2.818382931264374e+007,1.610139e-008,9.705898e-010
2.884031503126525e+007,1.580242e-008,9.393094e-010
2.951209226666303e+007,1.550966e-008,9.087059e-010
3.019951720401931e+007,1.522332e-008,8.787828e-010
3.090295432513503e+007,1.494358e-008,8.495423e-010
3.162277660168290e+007,1.467059e-008,8.209859e-010
3.235936569296191e+007,1.440449e-008,7.931141e-010
3.311311214825817e+007,1.414538e-008,7.659261e-010
3.388441561391930e+007,1.389336e-008,7.394206e-010
3.467368504525218e+007,1.364848e-008,7.135951e-010
3.548133892335654e+007,1.341081e-008,6.884464e-010
3.630780547700910e+007,1.318036e-008,6.639703e-010
3.715352290971620e+007,1.295714e-008,6.401618e-010
3.801893963205504e+007,1.274114e-008,6.170153e-010
3.890451449942695e+007,1.253234e-008,5.945242e-010
3.981071705534859e+007,1.233069e-008,5.726816e-010
4.073802778041011e+007,1.213612e-008,5.514795e-010
4.168693834703235e+007,1.194857e-008,5.309098e-010
4.265795188015805e+007,1.176793e-008,5.109632e-010
4.365158322401536e+007,1.159412e-008,4.916305e-010
4.466835921509504e+007,1.142702e-008,4.729016e-010
4.570881896148621e+007,1.126649e-008,4.547663e-010
4.677351412871849e+007,1.111241e-008,4.372137e-010
4.786300923226247e+007,1.096464e-008,4.202327e-010
4.897788193684322e+007,1.082302e-008,4.038118e-010
5.011872336272580e+007,1.068739e-008,3.879395e-010
5.128613839913502e+007,1.055761e-008,3.726038e-010
5.248074602497576e+007,1.043348e-008,3.577925e-010
5.370317963702374e+007,1.031486e-008,3.434935e-010
5.495408738576088e+007,1.020156e-008,3.296942e-010
5.623413251903330e+007,1.009340e-008,3.163824e-010
5.754399373371404e+007,9.990223e-009,3.035454e-010
5.888436553555721e+007,9.891841e-009,2.911707e-010
6.025595860743405e+007,9.798081e-009,2.792458e-010
6.165950018614645e+007,9.708769e-009,2.677582e-010
6.309573444801751e+007,9.623732e-009,2.566954e-010
6.456542290346369e+007,9.542799e-009,2.460452e-010
6.606934480075770e+007,9.465806e-009,2.357952e-010
6.760829753919622e+007,9.392586e-009,2.259334e-010
6.918309709189165e+007,9.322980e-009,2.164477e-010
7.079457843841174e+007,9.256831e-009,2.073265e-010
7.244359600749691e+007,9.193986e-009,1.985579e-010
7.413102413008960e+007,9.134300e-009,1.901306e-010
7.585775750291617e+007,9.077626e-009,1.820333e-010
7.762471166286692e+007,9.023828e-009,1.742550e-010
7.943282347242585e+007,8.972773e-009,1.667848e-010
8.128305161640757e+007,8.924330e-009,1.596123e-010
8.317637711026469e+007,8.878377e-009,1.527269e-010
8.511380382023518e+007,8.834795e-009,1.461187e-010
8.709635899560553e+007,8.793470e-009,1.397777e-010
8.912509381337196e+007,8.754294e-009,1.336944e-010
9.120108393558832e+007,8.717162e-009,1.278592e-010
9.332543007969639e+007,8.681974e-009,1.222633e-010
9.549925860214081e+007,8.648637e-009,1.168976e-010
9.772372209557822e+007,8.617061e-009,1.117535e-010
1.000000000000000e+008,8.587159e-009,1.068228e-010
