frequency,V(onoise),V(r1)
1.000000000000000e-001,5.017868e-006,3.676959e-009
1.023292992280754e-001,4.960430e-006,3.676959e-009
1.047128548050900e-001,4.903648e-006,3.676959e-009
1.071519305237607e-001,4.847517e-006,3.676959e-009
1.096478196143185e-001,4.792028e-006,3.676959e-009
1.122018454301964e-001,4.737175e-006,3.676959e-009
1.148153621496883e-001,4.682949e-006,3.676959e-009
1.174897554939530e-001,4.629344e-006,3.676959e-009
1.202264434617413e-001,4.576353e-006,3.676959e-009
1.230268770812382e-001,4.523968e-006,3.676959e-009
1.258925411794167e-001,4.472183e-006,3.676959e-009
1.288249551693134e-001,4.420991e-006,3.676959e-009
1.318256738556407e-001,4.370384e-006,3.676959e-009
1.348962882591653e-001,4.320357e-006,3.676959e-009
1.380384264602884e-001,4.270903e-006,3.676959e-009
1.412537544622754e-001,4.222015e-006,3.676959e-009
1.445439770745927e-001,4.173686e-006,3.676959e-009
1.479108388168207e-001,4.125910e-006,3.676959e-009
1.513561248436207e-001,4.078682e-006,3.676959e-009
1.548816618912480e-001,4.031994e-006,3.676959e-009
1.584893192461112e-001,3.985841e-006,3.676959e-009
1.621810097358929e-001,3.940216e-006,3.676959e-009
1.659586907437559e-001,3.895113e-006,3.676959e-009
1.698243652461743e-001,3.850526e-006,3.676959e-009
1.737800828749374e-001,3.806450e-006,3.676959e-009
1.778279410038921e-001,3.762878e-006,3.676959e-009
1.819700858609982e-001,3.719805e-006,3.676959e-009
1.862087136662866e-001,3.677226e-006,3.676959e-009
1.905460717963245e-001,3.635133e-006,3.676959e-009
1.949844599758043e-001,3.593522e-006,3.676959e-009
1.995262314968878e-001,3.552388e-006,3.676959e-009
2.041737944669527e-001,3.511725e-006,3.676959e-009
2.089296130854037e-001,3.471527e-006,3.676959e-009
2.137962089502230e-001,3.431789e-006,3.676959e-009
2.187761623949550e-001,3.392506e-006,3.676959e-009
2.238721138568337e-001,3.353673e-006,3.676959e-009
2.290867652767770e-001,3.315284e-006,3.676959e-009
2.344228815319919e-001,3.277335e-006,3.676959e-009
2.398832919019487e-001,3.239820e-006,3.676959e-009
2.454708915685027e-001,3.202735e-006,3.676959e-009
2.511886431509577e-001,3.166074e-006,3.676959e-009
2.570395782768861e-001,3.129833e-006,3.676959e-009
2.630267991895379e-001,3.094006e-006,3.676959e-009
2.691534803926912e-001,3.058590e-006,3.676959e-009
2.754228703338163e-001,3.023579e-006,3.676959e-009
2.818382931264450e-001,2.988969e-006,3.676959e-009
2.884031503126602e-001,2.954755e-006,3.676959e-009
2.951209226666382e-001,2.920933e-006,3.676959e-009
3.019951720402012e-001,2.887497e-006,3.676959e-009
3.090295432513586e-001,2.854445e-006,3.676959e-009
3.162277660168375e-001,2.821771e-006,3.676959e-009
3.235936569296278e-001,2.789471e-006,3.676959e-009
3.311311214825907e-001,2.757541e-006,3.676959e-009
3.388441561392021e-001,2.725976e-006,3.676959e-009
3.467368504525312e-001,2.694773e-006,3.676959e-009
3.548133892335750e-001,2.663926e-006,3.676959e-009
3.630780547701009e-001,2.633433e-006,3.676959e-009
3.715352290971720e-001,2.603289e-006,3.676959e-009
3.801893963205607e-001,2.573490e-006,3.676959e-009
3.890451449942800e-001,2.544032e-006,3.676959e-009
3.981071705534967e-001,2.514912e-006,3.676959e-009
4.073802778041121e-001,2.486124e-006,3.676959e-009
4.168693834703348e-001,2.457667e-006,3.676959e-009
4.265795188015920e-001,2.429535e-006,3.676959e-009
4.365158322401653e-001,2.401724e-006,3.676959e-009
4.466835921509624e-001,2.374233e-006,3.676959e-009
4.570881896148742e-001,2.347056e-006,3.676959e-009
4.677351412871974e-001,2.320190e-006,3.676959e-009
4.786300923226375e-001,2.293632e-006,3.676959e-009
4.897788193684454e-001,2.267377e-006,3.676959e-009
5.011872336272715e-001,2.241424e-006,3.676959e-009
5.128613839913641e-001,2.215767e-006,3.676959e-009
5.248074602497718e-001,2.190404e-006,3.676959e-009
5.370317963702519e-001,2.165331e-006,3.676959e-009
5.495408738576236e-001,2.140546e-006,3.676959e-009
5.623413251903481e-001,2.116044e-006,3.676959e-009
5.754399373371559e-001,2.091822e-006,3.676959e-009
5.888436553555879e-001,2.067878e-006,3.676959e-009
6.025595860743567e-001,2.044208e-006,3.676959e-009
6.165950018614811e-001,2.020809e-006,3.676959e-009
6.309573444801921e-001,1.997678e-006,3.676959e-009
6.456542290346544e-001,1.974811e-006,3.676959e-009
6.606934480075949e-001,1.952207e-006,3.676959e-009
6.760829753919806e-001,1.929861e-006,3.676959e-009
6.918309709189353e-001,1.907771e-006,3.676959e-009
7.079457843841367e-001,1.885933e-006,3.676959e-009
7.244359600749888e-001,1.864346e-006,3.676959e-009
7.413102413009162e-001,1.843006e-006,3.676959e-009
7.585775750291823e-001,1.821910e-006,3.676959e-009
7.762471166286903e-001,1.801056e-006,3.676959e-009
7.943282347242799e-001,1.780440e-006,3.676959e-009
8.128305161640976e-001,1.760060e-006,3.676959e-009
8.317637711026693e-001,1.739914e-006,3.676959e-009
8.511380382023747e-001,1.719998e-006,3.676959e-009
8.709635899560788e-001,1.700310e-006,3.676959e-009
8.912509381337437e-001,1.680848e-006,3.676959e-009
9.120108393559078e-001,1.661609e-006,3.676959e-009
9.332543007969890e-001,1.642589e-006,3.676959e-009
9.549925860214339e-001,1.623788e-006,3.676959e-009
9.772372209558086e-001,1.605201e-006,3.676959e-009
9.999999999999978e-001,1.586828e-006,3.676959e-009
1.023292992280752e+000,1.568664e-006,3.676959e-009
1.047128548050897e+000,1.550709e-006,3.676959e-009
1.071519305237604e+000,1.532959e-006,3.676959e-009
1.096478196143182e+000,1.515412e-006,3.676959e-009
1.122018454301961e+000,1.498067e-006,3.676959e-009
1.148153621496880e+000,1.480920e-006,3.676959e-009
1.174897554939527e+000,1.463969e-006,3.676959e-009
1.202264434617410e+000,1.447212e-006,3.676959e-009
1.230268770812378e+000,1.430647e-006,3.676959e-009
1.258925411794164e+000,1.414271e-006,3.676959e-009
1.288249551693131e+000,1.398083e-006,3.676959e-009
1.318256738556404e+000,1.382081e-006,3.676959e-009
1.348962882591650e+000,1.366261e-006,3.676959e-009
1.380384264602881e+000,1.350623e-006,3.676959e-009
1.412537544622750e+000,1.335164e-006,3.676959e-009
1.445439770745923e+000,1.319881e-006,3.676959e-009
1.479108388168203e+000,1.304774e-006,3.676959e-009
1.513561248436204e+000,1.289840e-006,3.676959e-009
1.548816618912477e+000,1.275076e-006,3.676959e-009
1.584893192461109e+000,1.260482e-006,3.676959e-009
1.621810097358925e+000,1.246054e-006,3.676959e-009
1.659586907437555e+000,1.231792e-006,3.676959e-009
1.698243652461739e+000,1.217693e-006,3.676959e-009
1.737800828749370e+000,1.203756e-006,3.676959e-009
1.778279410038917e+000,1.189978e-006,3.676959e-009
1.819700858609977e+000,1.176357e-006,3.676959e-009
1.862087136662861e+000,1.162893e-006,3.676959e-009
1.905460717963241e+000,1.149583e-006,3.676959e-009
1.949844599758039e+000,1.136425e-006,3.676959e-009
1.995262314968873e+000,1.123418e-006,3.676959e-009
2.041737944669523e+000,1.110560e-006,3.676959e-009
2.089296130854033e+000,1.097849e-006,3.676959e-009
2.137962089502225e+000,1.085283e-006,3.676959e-009
2.187761623949545e+000,1.072861e-006,3.676959e-009
2.238721138568332e+000,1.060582e-006,3.676959e-009
2.290867652767766e+000,1.048443e-006,3.676959e-009
2.344228815319914e+000,1.036443e-006,3.676959e-009
2.398832919019482e+000,1.024580e-006,3.676959e-009
2.454708915685022e+000,1.012854e-006,3.676959e-009
2.511886431509572e+000,1.001261e-006,3.676959e-009
2.570395782768855e+000,9.898013e-007,3.676959e-009
2.630267991895373e+000,9.784727e-007,3.676959e-009
2.691534803926906e+000,9.672738e-007,3.676959e-009
2.754228703338157e+000,9.562032e-007,3.676959e-009
2.818382931264444e+000,9.452592e-007,3.676959e-009
2.884031503126595e+000,9.344405e-007,3.676959e-009
2.951209226666375e+000,9.237457e-007,3.676959e-009
3.019951720402005e+000,9.131734e-007,3.676959e-009
3.090295432513579e+000,9.027221e-007,3.676959e-009
3.162277660168367e+000,8.923905e-007,3.676959e-009
3.235936569296270e+000,8.821771e-007,3.676959e-009
3.311311214825898e+000,8.720806e-007,3.676959e-009
3.388441561392012e+000,8.620998e-007,3.676959e-009
3.467368504525302e+000,8.522332e-007,3.676959e-009
3.548133892335740e+000,8.424796e-007,3.676959e-009
3.630780547700999e+000,8.328377e-007,3.676959e-009
3.715352290971711e+000,8.233061e-007,3.676959e-009
3.801893963205597e+000,8.138837e-007,3.676959e-009
3.890451449942790e+000,8.045691e-007,3.676959e-009
3.981071705534956e+000,7.953612e-007,3.676959e-009
4.073802778041110e+000,7.862588e-007,3.676959e-009
4.168693834703337e+000,7.772605e-007,3.676959e-009
4.265795188015909e+000,7.683653e-007,3.676959e-009
4.365158322401642e+000,7.595719e-007,3.676959e-009
4.466835921509612e+000,7.508792e-007,3.676959e-009
4.570881896148731e+000,7.422860e-007,3.676959e-009
4.677351412871962e+000,7.337913e-007,3.676959e-009
4.786300923226363e+000,7.253938e-007,3.676959e-009
4.897788193684440e+000,7.170924e-007,3.676959e-009
5.011872336272701e+000,7.088860e-007,3.676959e-009
5.128613839913625e+000,7.007737e-007,3.676959e-009
5.248074602497702e+000,6.927542e-007,3.676959e-009
5.370317963702503e+000,6.848266e-007,3.676959e-009
5.495408738576220e+000,6.769897e-007,3.676959e-009
5.623413251903465e+000,6.692426e-007,3.676959e-009
5.754399373371542e+000,6.615841e-007,3.676959e-009
5.888436553555861e+000,6.540134e-007,3.676959e-009
6.025595860743549e+000,6.465293e-007,3.676959e-009
6.165950018614792e+000,6.391310e-007,3.676958e-009
6.309573444801902e+000,6.318173e-007,3.676959e-009
6.456542290346524e+000,6.245874e-007,3.676959e-009
6.606934480075928e+000,6.174403e-007,3.676959e-009
6.760829753919785e+000,6.103751e-007,3.676958e-009
6.918309709189331e+000,6.033907e-007,3.676958e-009
7.079457843841344e+000,5.964863e-007,3.676958e-009
7.244359600749864e+000,5.896610e-007,3.676958e-009
7.413102413009137e+000,5.829139e-007,3.676958e-009
7.585775750291798e+000,5.762440e-007,3.676958e-009
7.762471166286877e+000,5.696505e-007,3.676958e-009
7.943282347242774e+000,5.631325e-007,3.676958e-009
8.128305161640951e+000,5.566891e-007,3.676958e-009
8.317637711026666e+000,5.503195e-007,3.676958e-009
8.511380382023720e+000,5.440228e-007,3.676958e-009
8.709635899560761e+000,5.377984e-007,3.676958e-009
8.912509381337408e+000,5.316451e-007,3.676958e-009
9.120108393559049e+000,5.255623e-007,3.676958e-009
9.332543007969861e+000,5.195492e-007,3.676958e-009
9.549925860214309e+000,5.136050e-007,3.676958e-009
9.772372209558055e+000,5.077288e-007,3.676958e-009
9.999999999999947e+000,5.019199e-007,3.676958e-009
1.023292992280749e+001,4.961776e-007,3.676958e-009
1.047128548050894e+001,4.905011e-007,3.676958e-009
1.071519305237601e+001,4.848895e-007,3.676958e-009
1.096478196143179e+001,4.793422e-007,3.676958e-009
1.122018454301957e+001,4.738585e-007,3.676958e-009
1.148153621496876e+001,4.684375e-007,3.676958e-009
1.174897554939523e+001,4.630787e-007,3.676958e-009
1.202264434617406e+001,4.577813e-007,3.676958e-009
1.230268770812375e+001,4.525445e-007,3.676958e-009
1.258925411794160e+001,4.473677e-007,3.676958e-009
1.288249551693127e+001,4.422502e-007,3.676958e-009
1.318256738556400e+001,4.371913e-007,3.676958e-009
1.348962882591646e+001,4.321903e-007,3.676958e-009
1.380384264602877e+001,4.272467e-007,3.676958e-009
1.412537544622746e+001,4.223597e-007,3.676958e-009
1.445439770745919e+001,4.175286e-007,3.676958e-009
1.479108388168199e+001,4.127530e-007,3.676958e-009
1.513561248436199e+001,4.080320e-007,3.676958e-009
1.548816618912472e+001,4.033651e-007,3.676958e-009
1.584893192461104e+001,3.987517e-007,3.676958e-009
1.621810097358920e+001,3.941911e-007,3.676958e-009
1.659586907437550e+001,3.896828e-007,3.676958e-009
1.698243652461734e+001,3.852261e-007,3.676958e-009
1.737800828749365e+001,3.808205e-007,3.676958e-009
1.778279410038912e+001,3.764653e-007,3.676958e-009
1.819700858609972e+001,3.721601e-007,3.676958e-009
1.862087136662855e+001,3.679042e-007,3.676958e-009
1.905460717963235e+001,3.636970e-007,3.676958e-009
1.949844599758032e+001,3.595381e-007,3.676958e-009
1.995262314968866e+001,3.554268e-007,3.676958e-009
2.041737944669515e+001,3.513627e-007,3.676958e-009
2.089296130854025e+001,3.473451e-007,3.676958e-009
2.137962089502218e+001,3.433735e-007,3.676958e-009
2.187761623949537e+001,3.394475e-007,3.676958e-009
2.238721138568324e+001,3.355664e-007,3.676958e-009
2.290867652767757e+001,3.317299e-007,3.676958e-009
2.344228815319906e+001,3.279373e-007,3.676958e-009
2.398832919019474e+001,3.241881e-007,3.676958e-009
2.454708915685013e+001,3.204820e-007,3.676958e-009
2.511886431509563e+001,3.168183e-007,3.676958e-009
2.570395782768846e+001,3.131966e-007,3.676958e-009
2.630267991895363e+001,3.096164e-007,3.676958e-009
2.691534803926897e+001,3.060773e-007,3.676958e-009
2.754228703338147e+001,3.025787e-007,3.676957e-009
2.818382931264434e+001,2.991203e-007,3.676957e-009
2.884031503126585e+001,2.957015e-007,3.676957e-009
2.951209226666364e+001,2.923219e-007,3.676957e-009
3.019951720401994e+001,2.889810e-007,3.676957e-009
3.090295432513568e+001,2.856784e-007,3.676957e-009
3.162277660168356e+001,2.824137e-007,3.676957e-009
3.235936569296258e+001,2.791865e-007,3.676957e-009
3.311311214825886e+001,2.759962e-007,3.676957e-009
3.388441561392000e+001,2.728425e-007,3.676957e-009
3.467368504525290e+001,2.697250e-007,3.676957e-009
3.548133892335728e+001,2.666432e-007,3.676957e-009
3.630780547700986e+001,2.635968e-007,3.676957e-009
3.715352290971697e+001,2.605854e-007,3.676957e-009
3.801893963205583e+001,2.576084e-007,3.676957e-009
3.890451449942776e+001,2.546656e-007,3.676957e-009
3.981071705534941e+001,2.517566e-007,3.676957e-009
4.073802778041095e+001,2.488809e-007,3.676956e-009
4.168693834703321e+001,2.460382e-007,3.676956e-009
4.265795188015893e+001,2.432282e-007,3.676956e-009
4.365158322401625e+001,2.404504e-007,3.676956e-009
4.466835921509595e+001,2.377044e-007,3.676956e-009
4.570881896148713e+001,2.349899e-007,3.676956e-009
4.677351412871944e+001,2.323066e-007,3.676956e-009
4.786300923226344e+001,2.296541e-007,3.676956e-009
4.897788193684422e+001,2.270321e-007,3.676955e-009
5.011872336272682e+001,2.244401e-007,3.676955e-009
5.128613839913606e+001,2.218779e-007,3.676955e-009
5.248074602497682e+001,2.193450e-007,3.676955e-009
5.370317963702482e+001,2.168413e-007,3.676955e-009
5.495408738576199e+001,2.143663e-007,3.676955e-009
5.623413251903443e+001,2.119197e-007,3.676955e-009
5.754399373371521e+001,2.095012e-007,3.676954e-009
5.888436553555840e+001,2.071105e-007,3.676954e-009
6.025595860743526e+001,2.047472e-007,3.676954e-009
6.165950018614769e+001,2.024110e-007,3.676954e-009
6.309573444801878e+001,2.001017e-007,3.676953e-009
6.456542290346499e+001,1.978189e-007,3.676953e-009
6.606934480075903e+001,1.955624e-007,3.676953e-009
6.760829753919759e+001,1.933317e-007,3.676953e-009
6.918309709189305e+001,1.911267e-007,3.676953e-009
7.079457843841317e+001,1.889470e-007,3.676952e-009
7.244359600749837e+001,1.867923e-007,3.676952e-009
7.413102413009111e+001,1.846625e-007,3.676952e-009
7.585775750291771e+001,1.825570e-007,3.676951e-009
7.762471166286849e+001,1.804758e-007,3.676951e-009
7.943282347242744e+001,1.784185e-007,3.676951e-009
8.128305161640920e+001,1.763849e-007,3.676950e-009
8.317637711026636e+001,1.743746e-007,3.676950e-009
8.511380382023688e+001,1.723875e-007,3.676949e-009
8.709635899560728e+001,1.704231e-007,3.676949e-009
8.912509381337374e+001,1.684814e-007,3.676949e-009
9.120108393559013e+001,1.665620e-007,3.676948e-009
9.332543007969824e+001,1.646647e-007,3.676947e-009
9.549925860214270e+001,1.627892e-007,3.676947e-009
9.772372209558016e+001,1.609353e-007,3.676947e-009
9.999999999999906e+001,1.591028e-007,3.676946e-009
1.023292992280745e+002,1.572913e-007,3.676945e-009
1.047128548050890e+002,1.555006e-007,3.676945e-009
1.071519305237596e+002,1.537306e-007,3.676944e-009
1.096478196143175e+002,1.519809e-007,3.676943e-009
1.122018454301953e+002,1.502514e-007,3.676943e-009
1.148153621496872e+002,1.485418e-007,3.676942e-009
1.174897554939518e+002,1.468519e-007,3.676941e-009
1.202264434617402e+002,1.451815e-007,3.676940e-009
1.230268770812370e+002,1.435302e-007,3.676939e-009
1.258925411794155e+002,1.418981e-007,3.676939e-009
1.288249551693122e+002,1.402847e-007,3.676938e-009
1.318256738556394e+002,1.386899e-007,3.676937e-009
1.348962882591640e+002,1.371135e-007,3.676936e-009
1.380384264602871e+002,1.355553e-007,3.676935e-009
1.412537544622740e+002,1.340150e-007,3.676933e-009
1.445439770745913e+002,1.324925e-007,3.676932e-009
1.479108388168193e+002,1.309876e-007,3.676931e-009
1.513561248436193e+002,1.295000e-007,3.676930e-009
1.548816618912466e+002,1.280296e-007,3.676928e-009
1.584893192461097e+002,1.265761e-007,3.676927e-009
1.621810097358913e+002,1.251394e-007,3.676925e-009
1.659586907437543e+002,1.237193e-007,3.676924e-009
1.698243652461727e+002,1.223156e-007,3.676922e-009
1.737800828749357e+002,1.209281e-007,3.676921e-009
1.778279410038904e+002,1.195567e-007,3.676919e-009
1.819700858609964e+002,1.182011e-007,3.676917e-009
1.862087136662848e+002,1.168611e-007,3.676915e-009
1.905460717963227e+002,1.155367e-007,3.676913e-009
1.949844599758025e+002,1.142275e-007,3.676911e-009
1.995262314968859e+002,1.129335e-007,3.676908e-009
2.041737944669508e+002,1.116544e-007,3.676906e-009
2.089296130854017e+002,1.103902e-007,3.676904e-009
2.137962089502209e+002,1.091406e-007,3.676901e-009
2.187761623949529e+002,1.079054e-007,3.676898e-009
2.238721138568316e+002,1.066845e-007,3.676895e-009
2.290867652767749e+002,1.054778e-007,3.676893e-009
2.344228815319897e+002,1.042851e-007,3.676889e-009
2.398832919019465e+002,1.031061e-007,3.676886e-009
2.454708915685004e+002,1.019409e-007,3.676883e-009
2.511886431509553e+002,1.007891e-007,3.676879e-009
2.570395782768836e+002,9.965070e-008,3.676875e-009
2.630267991895354e+002,9.852549e-008,3.676871e-009
2.691534803926887e+002,9.741335e-008,3.676867e-009
2.754228703338137e+002,9.631410e-008,3.676863e-009
2.818382931264423e+002,9.522763e-008,3.676859e-009
2.884031503126574e+002,9.415376e-008,3.676854e-009
2.951209226666354e+002,9.309237e-008,3.676849e-009
3.019951720401983e+002,9.204332e-008,3.676844e-009
3.090295432513557e+002,9.100646e-008,3.676838e-009
3.162277660168345e+002,8.998165e-008,3.676833e-009
3.235936569296247e+002,8.896876e-008,3.676827e-009
3.311311214825875e+002,8.796766e-008,3.676821e-009
3.388441561391988e+002,8.697822e-008,3.676814e-009
3.467368504525278e+002,8.600029e-008,3.676807e-009
3.548133892335715e+002,8.503376e-008,3.676800e-009
3.630780547700973e+002,8.407849e-008,3.676793e-009
3.715352290971684e+002,8.313435e-008,3.676785e-009
3.801893963205569e+002,8.220123e-008,3.676777e-009
3.890451449942762e+002,8.127900e-008,3.676768e-009
3.981071705534927e+002,8.036753e-008,3.676759e-009
4.073802778041081e+002,7.946669e-008,3.676750e-009
4.168693834703306e+002,7.857639e-008,3.676740e-009
4.265795188015877e+002,7.769649e-008,3.676730e-009
4.365158322401609e+002,7.682688e-008,3.676719e-009
4.466835921509579e+002,7.596744e-008,3.676708e-009
4.570881896148697e+002,7.511807e-008,3.676696e-009
4.677351412871927e+002,7.427863e-008,3.676683e-009
4.786300923226327e+002,7.344903e-008,3.676671e-009
4.897788193684405e+002,7.262915e-008,3.676657e-009
5.011872336272664e+002,7.181888e-008,3.676643e-009
5.128613839913588e+002,7.101813e-008,3.676628e-009
5.248074602497665e+002,7.022677e-008,3.676612e-009
5.370317963702464e+002,6.944470e-008,3.676596e-009
5.495408738576181e+002,6.867183e-008,3.676579e-009
5.623413251903425e+002,6.790805e-008,3.676561e-009
5.754399373371501e+002,6.715324e-008,3.676542e-009
5.888436553555820e+002,6.640733e-008,3.676522e-009
6.025595860743506e+002,6.567020e-008,3.676502e-009
6.165950018614748e+002,6.494175e-008,3.676480e-009
6.309573444801856e+002,6.422190e-008,3.676458e-009
6.456542290346476e+002,6.351054e-008,3.676434e-009
6.606934480075879e+002,6.280758e-008,3.676410e-009
6.760829753919735e+002,6.211292e-008,3.676384e-009
6.918309709189280e+002,6.142648e-008,3.676357e-009
7.079457843841292e+002,6.074816e-008,3.676328e-009
7.244359600749812e+002,6.007786e-008,3.676299e-009
7.413102413009084e+002,5.941551e-008,3.676268e-009
7.585775750291745e+002,5.876101e-008,3.676235e-009
7.762471166286822e+002,5.811427e-008,3.676201e-009
7.943282347242717e+002,5.747521e-008,3.676165e-009
8.128305161640892e+002,5.684374e-008,3.676128e-009
8.317637711026607e+002,5.621978e-008,3.676089e-009
8.511380382023659e+002,5.560325e-008,3.676048e-009
8.709635899560698e+002,5.499405e-008,3.676005e-009
8.912509381337344e+002,5.439211e-008,3.675960e-009
9.120108393558983e+002,5.379735e-008,3.675913e-009
9.332543007969792e+002,5.320970e-008,3.675864e-009
9.549925860214238e+002,5.262905e-008,3.675812e-009
9.772372209557982e+002,5.205536e-008,3.675758e-009
9.999999999999872e+002,5.148852e-008,3.675702e-009
1.023292992280741e+003,5.092847e-008,3.675642e-009
1.047128548050886e+003,5.037514e-008,3.675580e-009
1.071519305237592e+003,4.982844e-008,3.675515e-009
1.096478196143171e+003,4.928830e-008,3.675448e-009
1.122018454301949e+003,4.875465e-008,3.675376e-009
1.148153621496868e+003,4.822743e-008,3.675302e-009
1.174897554939514e+003,4.770655e-008,3.675224e-009
1.202264434617397e+003,4.719194e-008,3.675142e-009
1.230268770812365e+003,4.668354e-008,3.675056e-009
1.258925411794151e+003,4.618128e-008,3.674967e-009
1.288249551693117e+003,4.568509e-008,3.674873e-009
1.318256738556389e+003,4.519490e-008,3.674775e-009
1.348962882591635e+003,4.471064e-008,3.674672e-009
1.380384264602866e+003,4.423225e-008,3.674564e-009
1.412537544622735e+003,4.375967e-008,3.674452e-009
1.445439770745908e+003,4.329281e-008,3.674334e-009
1.479108388168187e+003,4.283164e-008,3.674210e-009
1.513561248436188e+003,4.237608e-008,3.674081e-009
1.548816618912460e+003,4.192606e-008,3.673945e-009
1.584893192461092e+003,4.148153e-008,3.673803e-009
1.621810097358908e+003,4.104242e-008,3.673655e-009
1.659586907437538e+003,4.060868e-008,3.673500e-009
1.698243652461721e+003,4.018024e-008,3.673337e-009
1.737800828749352e+003,3.975704e-008,3.673166e-009
1.778279410038899e+003,3.933902e-008,3.672988e-009
1.819700858609959e+003,3.892614e-008,3.672801e-009
1.862087136662842e+003,3.851832e-008,3.672605e-009
1.905460717963221e+003,3.811552e-008,3.672400e-009
1.949844599758018e+003,3.771766e-008,3.672186e-009
1.995262314968852e+003,3.732471e-008,3.671961e-009
2.041737944669501e+003,3.693659e-008,3.671726e-009
2.089296130854011e+003,3.655327e-008,3.671480e-009
2.137962089502203e+003,3.617468e-008,3.671223e-009
2.187761623949522e+003,3.580077e-008,3.670953e-009
2.238721138568309e+003,3.543148e-008,3.670671e-009
2.290867652767741e+003,3.506677e-008,3.670375e-009
2.344228815319890e+003,3.470657e-008,3.670066e-009
2.398832919019457e+003,3.435084e-008,3.669741e-009
2.454708915684996e+003,3.399953e-008,3.669402e-009
2.511886431509545e+003,3.365258e-008,3.669047e-009
2.570395782768828e+003,3.330994e-008,3.668676e-009
2.630267991895345e+003,3.297157e-008,3.668286e-009
2.691534803926878e+003,3.263741e-008,3.667879e-009
2.754228703338128e+003,3.230740e-008,3.667453e-009
2.818382931264414e+003,3.198152e-008,3.667006e-009
2.884031503126565e+003,3.165970e-008,3.666539e-009
2.951209226666344e+003,3.134189e-008,3.666050e-009
3.019951720401973e+003,3.102804e-008,3.665538e-009
3.090295432513546e+003,3.071812e-008,3.665002e-009
3.162277660168334e+003,3.041207e-008,3.664441e-009
3.235936569296236e+003,3.010984e-008,3.663854e-009
3.311311214825863e+003,2.981139e-008,3.663239e-009
3.388441561391976e+003,2.951666e-008,3.662596e-009
3.467368504525266e+003,2.922562e-008,3.661923e-009
3.548133892335703e+003,2.893821e-008,3.661219e-009
3.630780547700960e+003,2.865439e-008,3.660481e-009
3.715352290971671e+003,2.837411e-008,3.659709e-009
3.801893963205556e+003,2.809733e-008,3.658902e-009
3.890451449942748e+003,2.782400e-008,3.658057e-009
3.981071705534913e+003,2.755408e-008,3.657172e-009
4.073802778041067e+003,2.728751e-008,3.656247e-009
4.168693834703292e+003,2.702426e-008,3.655279e-009
4.265795188015863e+003,2.676428e-008,3.654265e-009
4.365158322401594e+003,2.650752e-008,3.653205e-009
4.466835921509563e+003,2.625394e-008,3.652096e-009
4.570881896148680e+003,2.600350e-008,3.650935e-009
4.677351412871911e+003,2.575614e-008,3.649721e-009
4.786300923226310e+003,2.551182e-008,3.648450e-009
4.897788193684387e+003,2.527050e-008,3.647121e-009
5.011872336272646e+003,2.503214e-008,3.645731e-009
5.128613839913570e+003,2.479668e-008,3.644277e-009
5.248074602497645e+003,2.456408e-008,3.642756e-009
5.370317963702444e+003,2.433430e-008,3.641164e-009
5.495408738576160e+003,2.410730e-008,3.639500e-009
5.623413251903404e+003,2.388301e-008,3.637760e-009
5.754399373371480e+003,2.366141e-008,3.635940e-009
5.888436553555798e+003,2.344245e-008,3.634038e-009
6.025595860743483e+003,2.322607e-008,3.632048e-009
6.165950018614725e+003,2.301223e-008,3.629967e-009
6.309573444801834e+003,2.280089e-008,3.627792e-009
6.456542290346454e+003,2.259200e-008,3.625518e-009
6.606934480075856e+003,2.238552e-008,3.623141e-009
6.760829753919711e+003,2.218139e-008,3.620656e-009
6.918309709189256e+003,2.197957e-008,3.618059e-009
7.079457843841267e+003,2.178001e-008,3.615346e-009
7.244359600749786e+003,2.158266e-008,3.612510e-009
7.413102413009058e+003,2.138747e-008,3.609546e-009
7.585775750291718e+003,2.119441e-008,3.606450e-009
7.762471166286794e+003,2.100341e-008,3.603216e-009
7.943282347242689e+003,2.081443e-008,3.599838e-009
8.128305161640863e+003,2.062741e-008,3.596309e-009
8.317637711026577e+003,2.044232e-008,3.592624e-009
8.511380382023628e+003,2.025909e-008,3.588776e-009
8.709635899560666e+003,2.007769e-008,3.584758e-009
8.912509381337311e+003,1.989804e-008,3.580564e-009
9.120108393558950e+003,1.972011e-008,3.576186e-009
9.332543007969760e+003,1.954384e-008,3.571617e-009
9.549925860214205e+003,1.936919e-008,3.566850e-009
9.772372209557949e+003,1.919608e-008,3.561876e-009
9.999999999999838e+003,1.902449e-008,3.556687e-009
1.023292992280738e+004,1.885433e-008,3.551275e-009
1.047128548050883e+004,1.868558e-008,3.545632e-009
1.071519305237589e+004,1.851816e-008,3.539748e-009
1.096478196143167e+004,1.835203e-008,3.533615e-009
1.122018454301945e+004,1.818713e-008,3.527223e-009
1.148153621496864e+004,1.802340e-008,3.520562e-009
1.174897554939510e+004,1.786079e-008,3.513623e-009
1.202264434617393e+004,1.769924e-008,3.506396e-009
1.230268770812361e+004,1.753870e-008,3.498871e-009
1.258925411794147e+004,1.737910e-008,3.491036e-009
1.288249551693113e+004,1.722039e-008,3.482882e-009
1.318256738556385e+004,1.706251e-008,3.474398e-009
1.348962882591631e+004,1.690541e-008,3.465573e-009
1.380384264602862e+004,1.674903e-008,3.456395e-009
1.412537544622731e+004,1.659331e-008,3.446853e-009
1.445439770745904e+004,1.643819e-008,3.436935e-009
1.479108388168183e+004,1.628361e-008,3.426631e-009
1.513561248436183e+004,1.612953e-008,3.415929e-009
1.548816618912456e+004,1.597588e-008,3.404816e-009
1.584893192461087e+004,1.582260e-008,3.393282e-009
1.621810097358903e+004,1.566965e-008,3.381314e-009
1.659586907437533e+004,1.551695e-008,3.368900e-009
1.698243652461716e+004,1.536448e-008,3.356030e-009
1.737800828749346e+004,1.521216e-008,3.342691e-009
1.778279410038893e+004,1.505995e-008,3.328872e-009
1.819700858609953e+004,1.490779e-008,3.314561e-009
1.862087136662836e+004,1.475564e-008,3.299749e-009
1.905460717963215e+004,1.460345e-008,3.284423e-009
1.949844599758012e+004,1.445117e-008,3.268574e-009
1.995262314968846e+004,1.429875e-008,3.252192e-009
2.041737944669495e+004,1.414616e-008,3.235266e-009
2.089296130854004e+004,1.399336e-008,3.217787e-009
2.137962089502196e+004,1.384029e-008,3.199747e-009
2.187761623949515e+004,1.368694e-008,3.181138e-009
2.238721138568302e+004,1.353326e-008,3.161951e-009
2.290867652767734e+004,1.337922e-008,3.142181e-009
2.344228815319882e+004,1.322480e-008,3.121820e-009
2.398832919019449e+004,1.306997e-008,3.100864e-009
2.454708915684988e+004,1.291471e-008,3.079307e-009
2.511886431509537e+004,1.275900e-008,3.057147e-009
2.570395782768820e+004,1.260282e-008,3.034380e-009
2.630267991895336e+004,1.244617e-008,3.011005e-009
2.691534803926869e+004,1.228903e-008,2.987021e-009
2.754228703338119e+004,1.213141e-008,2.962427e-009
2.818382931264405e+004,1.197329e-008,2.937227e-009
2.884031503126556e+004,1.181470e-008,2.911422e-009
2.951209226666335e+004,1.165562e-008,2.885016e-009
3.019951720401964e+004,1.149608e-008,2.858013e-009
3.090295432513537e+004,1.133609e-008,2.830421e-009
3.162277660168324e+004,1.117567e-008,2.802247e-009
3.235936569296226e+004,1.101484e-008,2.773499e-009
3.311311214825853e+004,1.085364e-008,2.744187e-009
3.388441561391966e+004,1.069209e-008,2.714323e-009
3.467368504525255e+004,1.053022e-008,2.683918e-009
3.548133892335692e+004,1.036809e-008,2.652987e-009
3.630780547700949e+004,1.020573e-008,2.621545e-009
3.715352290971659e+004,1.004318e-008,2.589607e-009
3.801893963205544e+004,9.880501e-009,2.557192e-009
3.890451449942737e+004,9.717742e-009,2.524316e-009
3.981071705534901e+004,9.554959e-009,2.491000e-009
4.073802778041054e+004,9.392211e-009,2.457264e-009
4.168693834703279e+004,9.229557e-009,2.423129e-009
4.265795188015849e+004,9.067062e-009,2.388618e-009
4.365158322401581e+004,8.904792e-009,2.353753e-009
4.466835921509550e+004,8.742813e-009,2.318559e-009
4.570881896148667e+004,8.581194e-009,2.283060e-009
4.677351412871897e+004,8.420005e-009,2.247282e-009
4.786300923226296e+004,8.259319e-009,2.211250e-009
4.897788193684373e+004,8.099206e-009,2.174990e-009
5.011872336272631e+004,7.939740e-009,2.138528e-009
5.128613839913555e+004,7.780993e-009,2.101892e-009
5.248074602497630e+004,7.623037e-009,2.065109e-009
5.370317963702428e+004,7.465948e-009,2.028206e-009
5.495408738576144e+004,7.309795e-009,1.991210e-009
5.623413251903386e+004,7.154651e-009,1.954148e-009
5.754399373371462e+004,7.000587e-009,1.917047e-009
5.888436553555779e+004,6.847673e-009,1.879936e-009
6.025595860743464e+004,6.695977e-009,1.842840e-009
6.165950018614706e+004,6.545566e-009,1.805786e-009
6.309573444801814e+004,6.396507e-009,1.768800e-009
6.456542290346434e+004,6.248864e-009,1.731908e-009
6.606934480075835e+004,6.102697e-009,1.695135e-009
6.760829753919689e+004,5.958069e-009,1.658507e-009
6.918309709189233e+004,5.815036e-009,1.622047e-009
7.079457843841244e+004,5.673657e-009,1.585779e-009
7.244359600749762e+004,5.533983e-009,1.549727e-009
7.413102413009033e+004,5.396068e-009,1.513913e-009
7.585775750291692e+004,5.259960e-009,1.478358e-009
7.762471166286769e+004,5.125708e-009,1.443085e-009
7.943282347242662e+004,4.993355e-009,1.408112e-009
8.128305161640835e+004,4.862944e-009,1.373460e-009
8.317637711026549e+004,4.734515e-009,1.339148e-009
8.511380382023599e+004,4.608107e-009,1.305194e-009
8.709635899560637e+004,4.483754e-009,1.271614e-009
8.912509381337282e+004,4.361489e-009,1.238426e-009
9.120108393558920e+004,4.241342e-009,1.205645e-009
9.332543007969728e+004,4.123342e-009,1.173286e-009
9.549925860214172e+004,4.007515e-009,1.141362e-009
9.772372209557916e+004,3.893883e-009,1.109888e-009
9.999999999999804e+004,3.782469e-009,1.078875e-009
1.023292992280734e+005,3.673291e-009,1.048335e-009
1.047128548050879e+005,3.566366e-009,1.018279e-009
1.071519305237585e+005,3.461708e-009,9.887164e-010
1.096478196143163e+005,3.359329e-009,9.596565e-010
1.122018454301941e+005,3.259240e-009,9.311072e-010
1.148153621496860e+005,3.161448e-009,9.030763e-010
1.174897554939506e+005,3.065959e-009,8.755703e-010
1.202264434617389e+005,2.972776e-009,8.485949e-010
1.230268770812357e+005,2.881902e-009,8.221552e-010
1.258925411794142e+005,2.793336e-009,7.962555e-010
1.288249551693108e+005,2.707076e-009,7.708992e-010
1.318256738556380e+005,2.623117e-009,7.460890e-010
1.348962882591626e+005,2.541453e-009,7.218269e-010
1.380384264602857e+005,2.462076e-009,6.981140e-010
1.412537544622725e+005,2.384976e-009,6.749508e-010
1.445439770745898e+005,2.310142e-009,6.523372e-010
1.479108388168177e+005,2.237559e-009,6.302722e-010
1.513561248436177e+005,2.167214e-009,6.087543e-010
1.548816618912449e+005,2.099088e-009,5.877812e-010
1.584893192461081e+005,2.033163e-009,5.673501e-010
1.621810097358896e+005,1.969418e-009,5.474575e-010
1.659586907437526e+005,1.907833e-009,5.280995e-010
1.698243652461709e+005,1.848384e-009,5.092713e-010
1.737800828749339e+005,1.791045e-009,4.909679e-010
1.778279410038886e+005,1.735790e-009,4.731837e-010
1.819700858609946e+005,1.682592e-009,4.559126e-010
1.862087136662829e+005,1.631421e-009,4.391480e-010
1.905460717963207e+005,1.582247e-009,4.228830e-010
1.949844599758005e+005,1.535037e-009,4.071102e-010
1.995262314968838e+005,1.489757e-009,3.918219e-010
2.041737944669486e+005,1.446373e-009,3.770100e-010
2.089296130853995e+005,1.404850e-009,3.626662e-010
2.137962089502187e+005,1.365148e-009,3.487819e-010
2.187761623949506e+005,1.327230e-009,3.353483e-010
2.238721138568292e+005,1.291056e-009,3.223562e-010
2.290867652767724e+005,1.256584e-009,3.097964e-010
2.344228815319872e+005,1.223773e-009,2.976594e-010
2.398832919019439e+005,1.192579e-009,2.859358e-010
2.454708915684978e+005,1.162957e-009,2.746158e-010
2.511886431509526e+005,1.134862e-009,2.636898e-010
2.570395782768809e+005,1.108249e-009,2.531479e-010
2.630267991895325e+005,1.083069e-009,2.429804e-010
2.691534803926857e+005,1.059275e-009,2.331773e-010
2.754228703338107e+005,1.036818e-009,2.237290e-010
2.818382931264393e+005,1.015651e-009,2.146255e-010
2.884031503126543e+005,9.957224e-010,2.058571e-010
2.951209226666322e+005,9.769842e-010,1.974142e-010
3.019951720401950e+005,9.593865e-010,1.892872e-010
3.090295432513523e+005,9.428799e-010,1.814666e-010
3.162277660168310e+005,9.274153e-010,1.739429e-010
3.235936569296212e+005,9.129440e-010,1.667071e-010
3.311311214825838e+005,8.994177e-010,1.597498e-010
3.388441561391951e+005,8.867890e-010,1.530622e-010
3.467368504525240e+005,8.750113e-010,1.466354e-010
3.548133892335676e+005,8.640389e-010,1.404607e-010
3.630780547700933e+005,8.538274e-010,1.345298e-010
3.715352290971643e+005,8.443335e-010,1.288342e-010
3.801893963205527e+005,8.355153e-010,1.233658e-010
3.890451449942719e+005,8.273322e-010,1.181167e-010
3.981071705534884e+005,8.197452e-010,1.130791e-010
4.073802778041036e+005,8.127169e-010,1.082455e-010
4.168693834703261e+005,8.062114e-010,1.036085e-010
4.265795188015831e+005,8.001944e-010,9.916092e-011
4.365158322401562e+005,7.946332e-010,9.489576e-011
4.466835921509531e+005,7.894968e-010,9.080626e-011
4.570881896148648e+005,7.847559e-010,8.688582e-011
4.677351412871877e+005,7.803827e-010,8.312807e-011
4.786300923226276e+005,7.763510e-010,7.952677e-011
4.897788193684352e+005,7.726360e-010,7.607595e-011
5.011872336272610e+005,7.692147e-010,7.276977e-011
5.128613839913533e+005,7.660652e-010,6.960260e-011
5.248074602497608e+005,7.631673e-010,6.656899e-011
5.370317963702406e+005,7.605018e-010,6.366367e-011
5.495408738576121e+005,7.580511e-010,6.088155e-011
5.623413251903363e+005,7.557985e-010,5.821772e-011
5.754399373371438e+005,7.537289e-010,5.566743e-011
5.888436553555755e+005,7.518277e-010,5.322609e-011
6.025595860743440e+005,7.500818e-010,5.088930e-011
6.165950018614681e+005,7.484788e-010,4.865279e-011
6.309573444801788e+005,7.470074e-010,4.651246e-011
6.456542290346407e+005,7.456570e-010,4.446436e-011
6.606934480075808e+005,7.444178e-010,4.250469e-011
6.760829753919662e+005,7.432809e-010,4.062978e-011
6.918309709189205e+005,7.422379e-010,3.883611e-011
7.079457843841215e+005,7.412811e-010,3.712029e-011
7.244359600749733e+005,7.404037e-010,3.547906e-011
7.413102413009004e+005,7.395989e-010,3.390929e-011
7.585775750291662e+005,7.388608e-010,3.240797e-011
7.762471166286737e+005,7.381840e-010,3.097219e-011
7.943282347242631e+005,7.375632e-010,2.959920e-011
8.128305161640804e+005,7.369940e-010,2.828631e-011
8.317637711026516e+005,7.364720e-010,2.703097e-011
8.511380382023566e+005,7.359933e-010,2.583072e-011
8.709635899560602e+005,7.355542e-010,2.468321e-011
8.912509381337245e+005,7.351515e-010,2.358616e-011
9.120108393558882e+005,7.347821e-010,2.253741e-011
9.332543007969690e+005,7.344433e-010,2.153488e-011
9.549925860214133e+005,7.341324e-010,2.057657e-011
9.772372209557875e+005,7.338472e-010,1.966057e-011
9.999999999999763e+005,7.335855e-010,1.878505e-011
1.023292992280730e+006,7.333452e-010,1.794825e-011
1.047128548050875e+006,7.331248e-010,1.714848e-011
1.071519305237581e+006,7.329223e-010,1.638414e-011
1.096478196143159e+006,7.327365e-010,1.565367e-011
1.122018454301937e+006,7.325658e-010,1.495560e-011
1.148153621496855e+006,7.324090e-010,1.428852e-011
1.174897554939502e+006,7.322650e-010,1.365106e-011
1.202264434617384e+006,7.321326e-010,1.304193e-011
1.230268770812352e+006,7.320110e-010,1.245989e-011
1.258925411794137e+006,7.318991e-010,1.190373e-011
1.288249551693103e+006,7.317962e-010,1.137234e-011
1.318256738556376e+006,7.317016e-010,1.086460e-011
1.348962882591621e+006,7.316145e-010,1.037949e-011
1.380384264602852e+006,7.315344e-010,9.916000e-012
1.412537544622720e+006,7.314606e-010,9.473179e-012
1.445439770745893e+006,7.313927e-010,9.050113e-012
1.479108388168172e+006,7.313301e-010,8.645928e-012
1.513561248436171e+006,7.312724e-010,8.259789e-012
1.548816618912444e+006,7.312192e-010,7.890895e-012
1.584893192461075e+006,7.311701e-010,7.538482e-012
1.621810097358890e+006,7.311249e-010,7.201820e-012
1.659586907437520e+006,7.310831e-010,6.880209e-012
1.698243652461703e+006,7.310446e-010,6.572980e-012
1.737800828749333e+006,7.310090e-010,6.279494e-012
1.778279410038879e+006,7.309761e-010,5.999140e-012
1.819700858609939e+006,7.309456e-010,5.731334e-012
1.862087136662822e+006,7.309175e-010,5.475518e-012
1.905460717963201e+006,7.308915e-010,5.231156e-012
1.949844599757998e+006,7.308674e-010,4.997739e-012
1.995262314968831e+006,7.308451e-010,4.774779e-012
2.041737944669479e+006,7.308244e-010,4.561809e-012
2.089296130853988e+006,7.308052e-010,4.358384e-012
2.137962089502180e+006,7.307875e-010,4.164078e-012
2.187761623949499e+006,7.307710e-010,3.978483e-012
2.238721138568285e+006,7.307557e-010,3.801211e-012
2.290867652767716e+006,7.307415e-010,3.631889e-012
2.344228815319864e+006,7.307283e-010,3.470162e-012
2.398832919019431e+006,7.307160e-010,3.315690e-012
2.454708915684969e+006,7.307046e-010,3.168150e-012
2.511886431509518e+006,7.306939e-010,3.027231e-012
2.570395782768800e+006,7.306840e-010,2.892636e-012
2.630267991895317e+006,7.306748e-010,2.764083e-012
2.691534803926849e+006,7.306662e-010,2.641301e-012
2.754228703338098e+006,7.306582e-010,2.524031e-012
2.818382931264383e+006,7.306507e-010,2.412028e-012
2.884031503126534e+006,7.306437e-010,2.305054e-012
2.951209226666312e+006,7.306372e-010,2.202884e-012
3.019951720401940e+006,7.306311e-010,2.105304e-012
3.090295432513513e+006,7.306254e-010,2.012106e-012
3.162277660168300e+006,7.306201e-010,1.923096e-012
3.235936569296201e+006,7.306151e-010,1.838085e-012
3.311311214825827e+006,7.306103e-010,1.756893e-012
3.388441561391939e+006,7.306060e-010,1.679350e-012
3.467368504525228e+006,7.306019e-010,1.605291e-012
3.548133892335665e+006,7.305980e-010,1.534560e-012
3.630780547700921e+006,7.305944e-010,1.467009e-012
3.715352290971631e+006,7.305910e-010,1.402494e-012
3.801893963205515e+006,7.305878e-010,1.340878e-012
3.890451449942707e+006,7.305848e-010,1.282033e-012
3.981071705534871e+006,7.305819e-010,1.225833e-012
4.073802778041023e+006,7.305793e-010,1.172159e-012
4.168693834703247e+006,7.305768e-010,1.120899e-012
4.265795188015817e+006,7.305744e-010,1.071943e-012
4.365158322401547e+006,7.305722e-010,1.025189e-012
4.466835921509516e+006,7.305700e-010,9.805363e-013
4.570881896148631e+006,7.305681e-010,9.378920e-013
4.677351412871860e+006,7.305662e-010,8.971655e-013
4.786300923226259e+006,7.305644e-010,8.582704e-013
4.897788193684334e+006,7.305627e-010,8.211245e-013
5.011872336272592e+006,7.305612e-010,7.856493e-013
5.128613839913514e+006,7.305597e-010,7.517695e-013
5.248074602497589e+006,7.305582e-010,7.194135e-013
5.370317963702387e+006,7.305569e-010,6.885129e-013
5.495408738576102e+006,7.305556e-010,6.590021e-013
5.623413251903344e+006,7.305544e-010,6.308188e-013
5.754399373371419e+006,7.305532e-010,6.039032e-013
5.888436553555735e+006,7.305521e-010,5.781984e-013
6.025595860743419e+006,7.305511e-010,5.536498e-013
6.165950018614660e+006,7.305501e-010,5.302056e-013
6.309573444801766e+006,7.305492e-010,5.078160e-013
6.456542290346385e+006,7.305482e-010,4.864336e-013
6.606934480075786e+006,7.305474e-010,4.660132e-013
6.760829753919640e+006,7.305466e-010,4.465116e-013
6.918309709189182e+006,7.305458e-010,4.278872e-013
7.079457843841192e+006,7.305451e-010,4.101008e-013
7.244359600749710e+006,7.305443e-010,3.931146e-013
7.413102413008980e+006,7.305436e-010,3.768926e-013
7.585775750291637e+006,7.305430e-010,3.614004e-013
7.762471166286712e+006,7.305423e-010,3.466053e-013
7.943282347242604e+006,7.305417e-010,3.324759e-013
8.128305161640776e+006,7.305412e-010,3.189822e-013
8.317637711026489e+006,7.305406e-010,3.060956e-013
8.511380382023538e+006,7.305401e-010,2.937889e-013
8.709635899560574e+006,7.305395e-010,2.820359e-013
8.912509381337218e+006,7.305390e-010,2.708117e-013
9.120108393558854e+006,7.305385e-010,2.600926e-013
9.332543007969661e+006,7.305381e-010,2.498557e-013
9.549925860214103e+006,7.305376e-010,2.400795e-013
9.772372209557844e+006,7.305371e-010,2.307432e-013
9.999999999999732e+006,7.305367e-010,2.218270e-013
1.023292992280727e+007,7.305363e-010,2.133120e-013
1.047128548050872e+007,7.305359e-010,2.051801e-013
1.071519305237578e+007,7.305354e-010,1.974141e-013
1.096478196143156e+007,7.305350e-010,1.899976e-013
1.122018454301933e+007,7.305346e-010,1.829148e-013
1.148153621496852e+007,7.305342e-010,1.761507e-013
1.174897554939498e+007,7.305339e-010,1.696909e-013
1.202264434617380e+007,7.305335e-010,1.635219e-013
1.230268770812348e+007,7.305331e-010,1.576304e-013
1.258925411794133e+007,7.305327e-010,1.520040e-013
1.288249551693099e+007,7.305323e-010,1.466308e-013
1.318256738556371e+007,7.305319e-010,1.414993e-013
1.348962882591617e+007,7.305315e-010,1.365988e-013
1.380384264602847e+007,7.305311e-010,1.319188e-013
1.412537544622716e+007,7.305307e-010,1.274493e-013
1.445439770745888e+007,7.305303e-010,1.231810e-013
1.479108388168167e+007,7.305299e-010,1.191047e-013
1.513561248436167e+007,7.305295e-010,1.152118e-013
1.548816618912439e+007,7.305291e-010,1.114940e-013
1.584893192461070e+007,7.305286e-010,1.079436e-013
1.621810097358885e+007,7.305282e-010,1.045529e-013
1.659586907437515e+007,7.305278e-010,1.013147e-013
1.698243652461698e+007,7.305274e-010,9.822230e-014
1.737800828749327e+007,7.305269e-010,9.526899e-014
1.778279410038874e+007,7.305264e-010,9.244855e-014
1.819700858609933e+007,7.305259e-010,8.975501e-014
1.862087136662816e+007,7.305254e-010,8.718266e-014
1.905460717963195e+007,7.305249e-010,8.472604e-014
1.949844599757991e+007,7.305244e-010,8.237994e-014
1.995262314968824e+007,7.305238e-010,8.013939e-014
2.041737944669473e+007,7.305232e-010,7.799965e-014
2.089296130853982e+007,7.305226e-010,7.595616e-014
2.137962089502173e+007,7.305220e-010,7.400461e-014
2.187761623949492e+007,7.305214e-010,7.214086e-014
2.238721138568277e+007,7.305207e-010,7.036095e-014
2.290867652767709e+007,7.305200e-010,6.866111e-014
2.344228815319857e+007,7.305193e-010,6.703774e-014
2.398832919019423e+007,7.305185e-010,6.548740e-014
2.454708915684962e+007,7.305178e-010,6.400680e-014
2.511886431509510e+007,7.305170e-010,6.259281e-014
2.570395782768792e+007,7.305161e-010,6.124242e-014
2.630267991895308e+007,7.305153e-010,5.995278e-014
2.691534803926840e+007,7.305144e-010,5.872114e-014
2.754228703338089e+007,7.305134e-010,5.754491e-014
2.818382931264374e+007,7.305124e-010,5.642159e-014
2.884031503126525e+007,7.305114e-010,5.534880e-014
2.951209226666303e+007,7.305103e-010,5.432426e-014
3.019951720401931e+007,7.305092e-010,5.334581e-014
3.090295432513503e+007,7.305080e-010,5.241137e-014
3.162277660168290e+007,7.305068e-010,5.151895e-014
3.235936569296191e+007,7.305054e-010,5.066668e-014
3.311311214825817e+007,7.305041e-010,4.985274e-014
3.388441561391930e+007,7.305027e-010,4.907542e-014
3.467368504525218e+007,7.305012e-010,4.833305e-014
3.548133892335654e+007,7.304997e-010,4.762408e-014
3.630780547700910e+007,7.304981e-010,4.694698e-014
3.715352290971620e+007,7.304964e-010,4.630035e-014
3.801893963205504e+007,7.304947e-010,4.568279e-014
3.890451449942695e+007,7.304928e-010,4.509302e-014
3.981071705534859e+007,7.304909e-010,4.452976e-014
4.073802778041011e+007,7.304889e-010,4.399184e-014
4.168693834703235e+007,7.304868e-010,4.347811e-014
4.265795188015805e+007,7.304846e-010,4.298748e-014
4.365158322401536e+007,7.304822e-010,4.251892e-014
4.466835921509504e+007,7.304798e-010,4.207143e-014
4.570881896148621e+007,7.304773e-010,4.164406e-014
4.677351412871849e+007,7.304747e-010,4.123591e-014
4.786300923226247e+007,7.304719e-010,4.084611e-014
4.897788193684322e+007,7.304690e-010,4.047384e-014
5.011872336272580e+007,7.304660e-010,4.011831e-014
5.128613839913502e+007,7.304628e-010,3.977876e-014
5.248074602497576e+007,7.304595e-010,3.945448e-014
5.370317963702374e+007,7.304560e-010,3.914477e-014
5.495408738576088e+007,7.304524e-010,3.884899e-014
5.623413251903330e+007,7.304485e-010,3.856651e-014
5.754399373371404e+007,7.304445e-010,3.829672e-014
5.888436553555721e+007,7.304404e-010,3.803906e-014
6.025595860743405e+007,7.304360e-010,3.779297e-014
6.165950018614645e+007,7.304314e-010,3.755795e-014
6.309573444801751e+007,7.304267e-010,3.733348e-014
6.456542290346369e+007,7.304216e-010,3.711910e-014
6.606934480075770e+007,7.304164e-010,3.691435e-014
6.760829753919622e+007,7.304109e-010,3.671879e-014
6.918309709189165e+007,7.304051e-010,3.653202e-014
7.079457843841174e+007,7.303991e-010,3.635363e-014
7.244359600749691e+007,7.303927e-010,3.618325e-014
7.413102413008960e+007,7.303861e-010,3.602052e-014
7.585775750291617e+007,7.303793e-010,3.586508e-014
7.762471166286692e+007,7.303720e-010,3.571662e-014
7.943282347242585e+007,7.303644e-010,3.557482e-014
8.128305161640757e+007,7.303564e-010,3.543937e-014
8.317637711026469e+007,7.303482e-010,3.531000e-014
8.511380382023518e+007,7.303395e-010,3.518642e-014
8.709635899560553e+007,7.303303e-010,3.506837e-014
8.912509381337196e+007,7.303207e-010,3.495560e-014
9.120108393558832e+007,7.303108e-010,3.484788e-014
9.332543007969639e+007,7.303003e-010,3.474498e-014
9.549925860214081e+007,7.302893e-010,3.464667e-014
9.772372209557822e+007,7.302779e-010,3.455276e-014
1.000000000000000e+008,7.302658e-010,3.446303e-014
