frequency,V(onoise),V(r1)
1.000000000000000e-001,1.613502e-004,8.140722e-008
1.023292992280754e-001,1.595033e-004,8.140722e-008
1.047128548050900e-001,1.576775e-004,8.140722e-008
1.071519305237607e-001,1.558725e-004,8.140722e-008
1.096478196143185e-001,1.540883e-004,8.140722e-008
1.122018454301964e-001,1.523245e-004,8.140722e-008
1.148153621496883e-001,1.505808e-004,8.140722e-008
1.174897554939530e-001,1.488571e-004,8.140722e-008
1.202264434617413e-001,1.471532e-004,8.140722e-008
1.230268770812382e-001,1.454688e-004,8.140722e-008
1.258925411794167e-001,1.438036e-004,8.140722e-008
1.288249551693134e-001,1.421575e-004,8.140722e-008
1.318256738556407e-001,1.405302e-004,8.140722e-008
1.348962882591653e-001,1.389216e-004,8.140722e-008
1.380384264602884e-001,1.373314e-004,8.140722e-008
1.412537544622754e-001,1.357594e-004,8.140722e-008
1.445439770745927e-001,1.342054e-004,8.140722e-008
1.479108388168207e-001,1.326691e-004,8.140722e-008
1.513561248436207e-001,1.311505e-004,8.140722e-008
1.548816618912480e-001,1.296492e-004,8.140722e-008
1.584893192461112e-001,1.281652e-004,8.140722e-008
1.621810097358929e-001,1.266981e-004,8.140722e-008
1.659586907437559e-001,1.252478e-004,8.140722e-008
1.698243652461743e-001,1.238141e-004,8.140722e-008
1.737800828749374e-001,1.223968e-004,8.140722e-008
1.778279410038921e-001,1.209957e-004,8.140722e-008
1.819700858609982e-001,1.196107e-004,8.140722e-008
1.862087136662866e-001,1.182416e-004,8.140722e-008
1.905460717963245e-001,1.168881e-004,8.140722e-008
1.949844599758043e-001,1.155501e-004,8.140722e-008
1.995262314968878e-001,1.142274e-004,8.140722e-008
2.041737944669527e-001,1.129198e-004,8.140722e-008
2.089296130854037e-001,1.116273e-004,8.140722e-008
2.137962089502230e-001,1.103495e-004,8.140722e-008
2.187761623949550e-001,1.090864e-004,8.140722e-008
2.238721138568337e-001,1.078377e-004,8.140722e-008
2.290867652767770e-001,1.066033e-004,8.140722e-008
2.344228815319919e-001,1.053830e-004,8.140722e-008
2.398832919019487e-001,1.041767e-004,8.140722e-008
2.454708915685027e-001,1.029842e-004,8.140722e-008
2.511886431509577e-001,1.018054e-004,8.140722e-008
2.570395782768861e-001,1.006400e-004,8.140722e-008
2.630267991895379e-001,9.948800e-005,8.140722e-008
2.691534803926912e-001,9.834918e-005,8.140722e-008
2.754228703338163e-001,9.722340e-005,8.140722e-008
2.818382931264450e-001,9.611050e-005,8.140722e-008
2.884031503126602e-001,9.501035e-005,8.140722e-008
2.951209226666382e-001,9.392278e-005,8.140722e-008
3.019951720402012e-001,9.284767e-005,8.140722e-008
3.090295432513586e-001,9.178486e-005,8.140722e-008
3.162277660168375e-001,9.073422e-005,8.140722e-008
3.235936569296278e-001,8.969560e-005,8.140722e-008
3.311311214825907e-001,8.866888e-005,8.140722e-008
3.388441561392021e-001,8.765391e-005,8.140722e-008
3.467368504525312e-001,8.665055e-005,8.140722e-008
3.548133892335750e-001,8.565868e-005,8.140722e-008
3.630780547701009e-001,8.467816e-005,8.140722e-008
3.715352290971720e-001,8.370887e-005,8.140722e-008
3.801893963205607e-001,8.275068e-005,8.140722e-008
3.890451449942800e-001,8.180345e-005,8.140722e-008
3.981071705534967e-001,8.086707e-005,8.140722e-008
4.073802778041121e-001,7.994140e-005,8.140722e-008
4.168693834703348e-001,7.902633e-005,8.140722e-008
4.265795188015920e-001,7.812174e-005,8.140722e-008
4.365158322401653e-001,7.722749e-005,8.140722e-008
4.466835921509624e-001,7.634349e-005,8.140722e-008
4.570881896148742e-001,7.546961e-005,8.140722e-008
4.677351412871974e-001,7.460573e-005,8.140722e-008
4.786300923226375e-001,7.375174e-005,8.140722e-008
4.897788193684454e-001,7.290753e-005,8.140722e-008
5.011872336272715e-001,7.207297e-005,8.140722e-008
5.128613839913641e-001,7.124797e-005,8.140722e-008
5.248074602497718e-001,7.043242e-005,8.140722e-008
5.370317963702519e-001,6.962620e-005,8.140722e-008
5.495408738576236e-001,6.882921e-005,8.140722e-008
5.623413251903481e-001,6.804134e-005,8.140722e-008
5.754399373371559e-001,6.726249e-005,8.140722e-008
5.888436553555879e-001,6.649256e-005,8.140722e-008
6.025595860743567e-001,6.573144e-005,8.140722e-008
6.165950018614811e-001,6.497903e-005,8.140722e-008
6.309573444801921e-001,6.423524e-005,8.140722e-008
6.456542290346544e-001,6.349996e-005,8.140722e-008
6.606934480075949e-001,6.277310e-005,8.140722e-008
6.760829753919806e-001,6.205455e-005,8.140722e-008
6.918309709189353e-001,6.134424e-005,8.140722e-008
7.079457843841367e-001,6.064205e-005,8.140722e-008
7.244359600749888e-001,5.994791e-005,8.140722e-008
7.413102413009162e-001,5.926170e-005,8.140722e-008
7.585775750291823e-001,5.858336e-005,8.140722e-008
7.762471166286903e-001,5.791278e-005,8.140722e-008
7.943282347242799e-001,5.724987e-005,8.140722e-008
8.128305161640976e-001,5.659456e-005,8.140722e-008
8.317637711026693e-001,5.594674e-005,8.140722e-008
8.511380382023747e-001,5.530634e-005,8.140722e-008
8.709635899560788e-001,5.467327e-005,8.140722e-008
8.912509381337437e-001,5.404745e-005,8.140722e-008
9.120108393559078e-001,5.342879e-005,8.140722e-008
9.332543007969890e-001,5.281722e-005,8.140722e-008
9.549925860214339e-001,5.221264e-005,8.140722e-008
9.772372209558086e-001,5.161499e-005,8.140722e-008
9.999999999999978e-001,5.102417e-005,8.140722e-008
1.023292992280752e+000,5.044013e-005,8.140722e-008
1.047128548050897e+000,4.986276e-005,8.140722e-008
1.071519305237604e+000,4.929200e-005,8.140722e-008
1.096478196143182e+000,4.872779e-005,8.140722e-008
1.122018454301961e+000,4.817002e-005,8.140722e-008
1.148153621496880e+000,4.761865e-005,8.140722e-008
1.174897554939527e+000,4.707358e-005,8.140722e-008
1.202264434617410e+000,4.653475e-005,8.140722e-008
1.230268770812378e+000,4.600210e-005,8.140722e-008
1.258925411794164e+000,4.547554e-005,8.140722e-008
1.288249551693131e+000,4.495500e-005,8.140722e-008
1.318256738556404e+000,4.444043e-005,8.140722e-008
1.348962882591650e+000,4.393175e-005,8.140722e-008
1.380384264602881e+000,4.342889e-005,8.140722e-008
1.412537544622750e+000,4.293178e-005,8.140722e-008
1.445439770745923e+000,4.244037e-005,8.140722e-008
1.479108388168203e+000,4.195458e-005,8.140722e-008
1.513561248436204e+000,4.147436e-005,8.140722e-008
1.548816618912477e+000,4.099963e-005,8.140722e-008
1.584893192461109e+000,4.053033e-005,8.140722e-008
1.621810097358925e+000,4.006641e-005,8.140722e-008
1.659586907437555e+000,3.960780e-005,8.140722e-008
1.698243652461739e+000,3.915443e-005,8.140722e-008
1.737800828749370e+000,3.870626e-005,8.140722e-008
1.778279410038917e+000,3.826322e-005,8.140722e-008
1.819700858609977e+000,3.782525e-005,8.140722e-008
1.862087136662861e+000,3.739230e-005,8.140722e-008
1.905460717963241e+000,3.696430e-005,8.140722e-008
1.949844599758039e+000,3.654120e-005,8.140722e-008
1.995262314968873e+000,3.612294e-005,8.140722e-008
2.041737944669523e+000,3.570947e-005,8.140722e-008
2.089296130854033e+000,3.530073e-005,8.140722e-008
2.137962089502225e+000,3.489668e-005,8.140722e-008
2.187761623949545e+000,3.449725e-005,8.140722e-008
2.238721138568332e+000,3.410239e-005,8.140722e-008
2.290867652767766e+000,3.371205e-005,8.140722e-008
2.344228815319914e+000,3.332619e-005,8.140722e-008
2.398832919019482e+000,3.294473e-005,8.140722e-008
2.454708915685022e+000,3.256764e-005,8.140722e-008
2.511886431509572e+000,3.219488e-005,8.140722e-008
2.570395782768855e+000,3.182638e-005,8.140722e-008
2.630267991895373e+000,3.146209e-005,8.140722e-008
2.691534803926906e+000,3.110198e-005,8.140722e-008
2.754228703338157e+000,3.074599e-005,8.140722e-008
2.818382931264444e+000,3.039408e-005,8.140722e-008
2.884031503126595e+000,3.004619e-005,8.140722e-008
2.951209226666375e+000,2.970229e-005,8.140722e-008
3.019951720402005e+000,2.936232e-005,8.140722e-008
3.090295432513579e+000,2.902625e-005,8.140722e-008
3.162277660168367e+000,2.869402e-005,8.140722e-008
3.235936569296270e+000,2.836560e-005,8.140722e-008
3.311311214825898e+000,2.804093e-005,8.140722e-008
3.388441561392012e+000,2.771999e-005,8.140722e-008
3.467368504525302e+000,2.740272e-005,8.140722e-008
3.548133892335740e+000,2.708907e-005,8.140722e-008
3.630780547700999e+000,2.677903e-005,8.140722e-008
3.715352290971711e+000,2.647253e-005,8.140722e-008
3.801893963205597e+000,2.616953e-005,8.140722e-008
3.890451449942790e+000,2.587001e-005,8.140722e-008
3.981071705534956e+000,2.557392e-005,8.140722e-008
4.073802778041110e+000,2.528121e-005,8.140722e-008
4.168693834703337e+000,2.499186e-005,8.140722e-008
4.265795188015909e+000,2.470582e-005,8.140722e-008
4.365158322401642e+000,2.442306e-005,8.140722e-008
4.466835921509612e+000,2.414353e-005,8.140722e-008
4.570881896148731e+000,2.386720e-005,8.140722e-008
4.677351412871962e+000,2.359404e-005,8.140722e-008
4.786300923226363e+000,2.332400e-005,8.140722e-008
4.897788193684440e+000,2.305705e-005,8.140722e-008
5.011872336272701e+000,2.279317e-005,8.140722e-008
5.128613839913625e+000,2.253230e-005,8.140722e-008
5.248074602497702e+000,2.227441e-005,8.140722e-008
5.370317963702503e+000,2.201949e-005,8.140722e-008
5.495408738576220e+000,2.176748e-005,8.140722e-008
5.623413251903465e+000,2.151835e-005,8.140722e-008
5.754399373371542e+000,2.127208e-005,8.140722e-008
5.888436553555861e+000,2.102863e-005,8.140722e-008
6.025595860743549e+000,2.078796e-005,8.140722e-008
6.165950018614792e+000,2.055005e-005,8.140722e-008
6.309573444801902e+000,2.031486e-005,8.140722e-008
6.456542290346524e+000,2.008237e-005,8.140722e-008
6.606934480075928e+000,1.985254e-005,8.140722e-008
6.760829753919785e+000,1.962534e-005,8.140722e-008
6.918309709189331e+000,1.940074e-005,8.140722e-008
7.079457843841344e+000,1.917871e-005,8.140722e-008
7.244359600749864e+000,1.895922e-005,8.140722e-008
7.413102413009137e+000,1.874225e-005,8.140722e-008
7.585775750291798e+000,1.852776e-005,8.140722e-008
7.762471166286877e+000,1.831573e-005,8.140722e-008
7.943282347242774e+000,1.810613e-005,8.140722e-008
8.128305161640951e+000,1.789892e-005,8.140722e-008
8.317637711026666e+000,1.769409e-005,8.140722e-008
8.511380382023720e+000,1.749160e-005,8.140722e-008
8.709635899560761e+000,1.729144e-005,8.140722e-008
8.912509381337408e+000,1.709356e-005,8.140722e-008
9.120108393559049e+000,1.689795e-005,8.140722e-008
9.332543007969861e+000,1.670458e-005,8.140722e-008
9.549925860214309e+000,1.651342e-005,8.140722e-008
9.772372209558055e+000,1.632445e-005,8.140722e-008
9.999999999999947e+000,1.613765e-005,8.140722e-008
1.023292992280749e+001,1.595298e-005,8.140722e-008
1.047128548050894e+001,1.577043e-005,8.140722e-008
1.071519305237601e+001,1.558997e-005,8.140722e-008
1.096478196143179e+001,1.541158e-005,8.140722e-008
1.122018454301957e+001,1.523523e-005,8.140722e-008
1.148153621496876e+001,1.506090e-005,8.140722e-008
1.174897554939523e+001,1.488856e-005,8.140722e-008
1.202264434617406e+001,1.471820e-005,8.140722e-008
1.230268770812375e+001,1.454979e-005,8.140722e-008
1.258925411794160e+001,1.438331e-005,8.140722e-008
1.288249551693127e+001,1.421873e-005,8.140722e-008
1.318256738556400e+001,1.405604e-005,8.140722e-008
1.348962882591646e+001,1.389521e-005,8.140722e-008
1.380384264602877e+001,1.373622e-005,8.140722e-008
1.412537544622746e+001,1.357906e-005,8.140722e-008
1.445439770745919e+001,1.342369e-005,8.140722e-008
1.479108388168199e+001,1.327011e-005,8.140722e-008
1.513561248436199e+001,1.311828e-005,8.140722e-008
1.548816618912472e+001,1.296819e-005,8.140722e-008
1.584893192461104e+001,1.281982e-005,8.140722e-008
1.621810097358920e+001,1.267315e-005,8.140722e-008
1.659586907437550e+001,1.252816e-005,8.140722e-008
1.698243652461734e+001,1.238483e-005,8.140722e-008
1.737800828749365e+001,1.224314e-005,8.140722e-008
1.778279410038912e+001,1.210308e-005,8.140722e-008
1.819700858609972e+001,1.196461e-005,8.140722e-008
1.862087136662855e+001,1.182774e-005,8.140722e-008
1.905460717963235e+001,1.169243e-005,8.140722e-008
1.949844599758032e+001,1.155867e-005,8.140722e-008
1.995262314968866e+001,1.142645e-005,8.140722e-008
2.041737944669515e+001,1.129574e-005,8.140722e-008
2.089296130854025e+001,1.116652e-005,8.140722e-008
2.137962089502218e+001,1.103879e-005,8.140722e-008
2.187761623949537e+001,1.091252e-005,8.140722e-008
2.238721138568324e+001,1.078769e-005,8.140722e-008
2.290867652767757e+001,1.066430e-005,8.140722e-008
2.344228815319906e+001,1.054232e-005,8.140722e-008
2.398832919019474e+001,1.042174e-005,8.140722e-008
2.454708915685013e+001,1.030253e-005,8.140722e-008
2.511886431509563e+001,1.018470e-005,8.140722e-008
2.570395782768846e+001,1.006821e-005,8.140722e-008
2.630267991895363e+001,9.953058e-006,8.140722e-008
2.691534803926897e+001,9.839226e-006,8.140722e-008
2.754228703338147e+001,9.726697e-006,8.140722e-008
2.818382931264434e+001,9.615458e-006,8.140722e-008
2.884031503126585e+001,9.505493e-006,8.140722e-008
2.951209226666364e+001,9.396788e-006,8.140722e-008
3.019951720401994e+001,9.289329e-006,8.140722e-008
3.090295432513568e+001,9.183101e-006,8.140722e-008
3.162277660168356e+001,9.078090e-006,8.140722e-008
3.235936569296258e+001,8.974283e-006,8.140722e-008
3.311311214825886e+001,8.871665e-006,8.140722e-008
3.388441561392000e+001,8.770223e-006,8.140722e-008
3.467368504525290e+001,8.669944e-006,8.140722e-008
3.548133892335728e+001,8.570813e-006,8.140722e-008
3.630780547700986e+001,8.472819e-006,8.140722e-008
3.715352290971697e+001,8.375948e-006,8.140722e-008
3.801893963205583e+001,8.280186e-006,8.140722e-008
3.890451449942776e+001,8.185523e-006,8.140722e-008
3.981071705534941e+001,8.091944e-006,8.140722e-008
4.073802778041095e+001,7.999439e-006,8.140722e-008
4.168693834703321e+001,7.907993e-006,8.140722e-008
4.265795188015893e+001,7.817595e-006,8.140722e-008
4.365158322401625e+001,7.728234e-006,8.140722e-008
4.466835921509595e+001,7.639897e-006,8.140722e-008
4.570881896148713e+001,7.552573e-006,8.140722e-008
4.677351412871944e+001,7.466250e-006,8.140722e-008
4.786300923226344e+001,7.380916e-006,8.140722e-008
4.897788193684422e+001,7.296561e-006,8.140722e-008
5.011872336272682e+001,7.213173e-006,8.140722e-008
5.128613839913606e+001,7.130742e-006,8.140722e-008
5.248074602497682e+001,7.049255e-006,8.140722e-008
5.370317963702482e+001,6.968703e-006,8.140722e-008
5.495408738576199e+001,6.889074e-006,8.140722e-008
5.623413251903443e+001,6.810358e-006,8.140722e-008
5.754399373371521e+001,6.732545e-006,8.140722e-008
5.888436553555840e+001,6.655625e-006,8.140722e-008
6.025595860743526e+001,6.579587e-006,8.140722e-008
6.165950018614769e+001,6.504421e-006,8.140722e-008
6.309573444801878e+001,6.430117e-006,8.140722e-008
6.456542290346499e+001,6.356665e-006,8.140722e-008
6.606934480075903e+001,6.284056e-006,8.140722e-008
6.760829753919759e+001,6.212280e-006,8.140722e-008
6.918309709189305e+001,6.141327e-006,8.140722e-008
7.079457843841317e+001,6.071188e-006,8.140722e-008
7.244359600749837e+001,6.001854e-006,8.140722e-008
7.413102413009111e+001,5.933316e-006,8.140722e-008
7.585775750291771e+001,5.865564e-006,8.140722e-008
7.762471166286849e+001,5.798589e-006,8.140722e-008
7.943282347242744e+001,5.732383e-006,8.140722e-008
8.128305161640920e+001,5.666937e-006,8.140722e-008
8.317637711026636e+001,5.602242e-006,8.140722e-008
8.511380382023688e+001,5.538290e-006,8.140722e-008
8.709635899560728e+001,5.475071e-006,8.140722e-008
8.912509381337374e+001,5.412579e-006,8.140722e-008
9.120108393559013e+001,5.350804e-006,8.140722e-008
9.332543007969824e+001,5.289738e-006,8.140722e-008
9.549925860214270e+001,5.229373e-006,8.140722e-008
9.772372209558016e+001,5.169701e-006,8.140722e-008
9.999999999999906e+001,5.110714e-006,8.140722e-008
1.023292992280745e+002,5.052406e-006,8.140722e-008
1.047128548050890e+002,4.994766e-006,8.140722e-008
1.071519305237596e+002,4.937789e-006,8.140722e-008
1.096478196143175e+002,4.881466e-006,8.140722e-008
1.122018454301953e+002,4.825790e-006,8.140722e-008
1.148153621496872e+002,4.770754e-006,8.140722e-008
1.174897554939518e+002,4.716350e-006,8.140722e-008
1.202264434617402e+002,4.662572e-006,8.140722e-008
1.230268770812370e+002,4.609411e-006,8.140722e-008
1.258925411794155e+002,4.556861e-006,8.140722e-008
1.288249551693122e+002,4.504916e-006,8.140722e-008
1.318256738556394e+002,4.453567e-006,8.140722e-008
1.348962882591640e+002,4.402809e-006,8.140722e-008
1.380384264602871e+002,4.352634e-006,8.140722e-008
1.412537544622740e+002,4.303036e-006,8.140722e-008
1.445439770745913e+002,4.254009e-006,8.140722e-008
1.479108388168193e+002,4.205545e-006,8.140722e-008
1.513561248436193e+002,4.157639e-006,8.140722e-008
1.548816618912466e+002,4.110284e-006,8.140722e-008
1.584893192461097e+002,4.063474e-006,8.140722e-008
1.621810097358913e+002,4.017202e-006,8.140722e-008
1.659586907437543e+002,3.971463e-006,8.140722e-008
1.698243652461727e+002,3.926250e-006,8.140722e-008
1.737800828749357e+002,3.881558e-006,8.140722e-008
1.778279410038904e+002,3.837380e-006,8.140722e-008
1.819700858609964e+002,3.793710e-006,8.140722e-008
1.862087136662848e+002,3.750544e-006,8.140722e-008
1.905460717963227e+002,3.707875e-006,8.140722e-008
1.949844599758025e+002,3.665697e-006,8.140722e-008
1.995262314968859e+002,3.624005e-006,8.140722e-008
2.041737944669508e+002,3.582793e-006,8.140722e-008
2.089296130854017e+002,3.542056e-006,8.140722e-008
2.137962089502209e+002,3.501789e-006,8.140722e-008
2.187761623949529e+002,3.461985e-006,8.140722e-008
2.238721138568316e+002,3.422641e-006,8.140722e-008
2.290867652767749e+002,3.383750e-006,8.140722e-008
2.344228815319897e+002,3.345308e-006,8.140722e-008
2.398832919019465e+002,3.307309e-006,8.140722e-008
2.454708915685004e+002,3.269749e-006,8.140722e-008
2.511886431509553e+002,3.232622e-006,8.140722e-008
2.570395782768836e+002,3.195923e-006,8.140722e-008
2.630267991895354e+002,3.159648e-006,8.140722e-008
2.691534803926887e+002,3.123792e-006,8.140722e-008
2.754228703338137e+002,3.088349e-006,8.140722e-008
2.818382931264423e+002,3.053316e-006,8.140722e-008
2.884031503126574e+002,3.018688e-006,8.140722e-008
2.951209226666354e+002,2.984460e-006,8.140722e-008
3.019951720401983e+002,2.950627e-006,8.140722e-008
3.090295432513557e+002,2.917186e-006,8.140722e-008
3.162277660168345e+002,2.884131e-006,8.140722e-008
3.235936569296247e+002,2.851458e-006,8.140722e-008
3.311311214825875e+002,2.819163e-006,8.140722e-008
3.388441561391988e+002,2.787242e-006,8.140722e-008
3.467368504525278e+002,2.755690e-006,8.140722e-008
3.548133892335715e+002,2.724504e-006,8.140722e-008
3.630780547700973e+002,2.693678e-006,8.140722e-008
3.715352290971684e+002,2.663210e-006,8.140722e-008
3.801893963205569e+002,2.633094e-006,8.140722e-008
3.890451449942762e+002,2.603328e-006,8.140722e-008
3.981071705534927e+002,2.573906e-006,8.140722e-008
4.073802778041081e+002,2.544826e-006,8.140722e-008
4.168693834703306e+002,2.516083e-006,8.140722e-008
4.265795188015877e+002,2.487673e-006,8.140722e-008
4.365158322401609e+002,2.459593e-006,8.140722e-008
4.466835921509579e+002,2.431839e-006,8.140722e-008
4.570881896148697e+002,2.404407e-006,8.140722e-008
4.677351412871927e+002,2.377294e-006,8.140722e-008
4.786300923226327e+002,2.350496e-006,8.140722e-008
4.897788193684405e+002,2.324009e-006,8.140722e-008
5.011872336272664e+002,2.297830e-006,8.140722e-008
5.128613839913588e+002,2.271956e-006,8.140722e-008
5.248074602497665e+002,2.246383e-006,8.140722e-008
5.370317963702464e+002,2.221108e-006,8.140722e-008
5.495408738576181e+002,2.196126e-006,8.140722e-008
5.623413251903425e+002,2.171436e-006,8.140722e-008
5.754399373371501e+002,2.147034e-006,8.140722e-008
5.888436553555820e+002,2.122916e-006,8.140722e-008
6.025595860743506e+002,2.099079e-006,8.140722e-008
6.165950018614748e+002,2.075521e-006,8.140722e-008
6.309573444801856e+002,2.052237e-006,8.140722e-008
6.456542290346476e+002,2.029226e-006,8.140722e-008
6.606934480075879e+002,2.006483e-006,8.140722e-008
6.760829753919735e+002,1.984006e-006,8.140721e-008
6.918309709189280e+002,1.961792e-006,8.140721e-008
7.079457843841292e+002,1.939838e-006,8.140721e-008
7.244359600749812e+002,1.918140e-006,8.140721e-008
7.413102413009084e+002,1.896697e-006,8.140721e-008
7.585775750291745e+002,1.875506e-006,8.140721e-008
7.762471166286822e+002,1.854562e-006,8.140721e-008
7.943282347242717e+002,1.833865e-006,8.140721e-008
8.128305161640892e+002,1.813410e-006,8.140721e-008
8.317637711026607e+002,1.793195e-006,8.140721e-008
8.511380382023659e+002,1.773218e-006,8.140721e-008
8.709635899560698e+002,1.753476e-006,8.140721e-008
8.912509381337344e+002,1.733966e-006,8.140721e-008
9.120108393558983e+002,1.714686e-006,8.140721e-008
9.332543007969792e+002,1.695633e-006,8.140721e-008
9.549925860214238e+002,1.676804e-006,8.140721e-008
9.772372209557982e+002,1.658197e-006,8.140721e-008
9.999999999999872e+002,1.639810e-006,8.140721e-008
1.023292992280741e+003,1.621640e-006,8.140721e-008
1.047128548050886e+003,1.603685e-006,8.140721e-008
1.071519305237592e+003,1.585943e-006,8.140721e-008
1.096478196143171e+003,1.568410e-006,8.140721e-008
1.122018454301949e+003,1.551084e-006,8.140721e-008
1.148153621496868e+003,1.533964e-006,8.140721e-008
1.174897554939514e+003,1.517048e-006,8.140721e-008
1.202264434617397e+003,1.500332e-006,8.140721e-008
1.230268770812365e+003,1.483814e-006,8.140721e-008
1.258925411794151e+003,1.467493e-006,8.140721e-008
1.288249551693117e+003,1.451366e-006,8.140721e-008
1.318256738556389e+003,1.435431e-006,8.140721e-008
1.348962882591635e+003,1.419687e-006,8.140721e-008
1.380384264602866e+003,1.404130e-006,8.140721e-008
1.412537544622735e+003,1.388758e-006,8.140721e-008
1.445439770745908e+003,1.373571e-006,8.140721e-008
1.479108388168187e+003,1.358565e-006,8.140721e-008
1.513561248436188e+003,1.343739e-006,8.140721e-008
1.548816618912460e+003,1.329090e-006,8.140721e-008
1.584893192461092e+003,1.314618e-006,8.140721e-008
1.621810097358908e+003,1.300319e-006,8.140721e-008
1.659586907437538e+003,1.286192e-006,8.140721e-008
1.698243652461721e+003,1.272235e-006,8.140721e-008
1.737800828749352e+003,1.258446e-006,8.140721e-008
1.778279410038899e+003,1.244824e-006,8.140721e-008
1.819700858609959e+003,1.231366e-006,8.140721e-008
1.862087136662842e+003,1.218070e-006,8.140721e-008
1.905460717963221e+003,1.204936e-006,8.140721e-008
1.949844599758018e+003,1.191961e-006,8.140721e-008
1.995262314968852e+003,1.179143e-006,8.140721e-008
2.041737944669501e+003,1.166481e-006,8.140720e-008
2.089296130854011e+003,1.153973e-006,8.140720e-008
2.137962089502203e+003,1.141617e-006,8.140720e-008
2.187761623949522e+003,1.129412e-006,8.140720e-008
2.238721138568309e+003,1.117356e-006,8.140720e-008
2.290867652767741e+003,1.105447e-006,8.140720e-008
2.344228815319890e+003,1.093685e-006,8.140720e-008
2.398832919019457e+003,1.082066e-006,8.140720e-008
2.454708915684996e+003,1.070590e-006,8.140720e-008
2.511886431509545e+003,1.059255e-006,8.140720e-008
2.570395782768828e+003,1.048060e-006,8.140720e-008
2.630267991895345e+003,1.037003e-006,8.140720e-008
2.691534803926878e+003,1.026082e-006,8.140720e-008
2.754228703338128e+003,1.015297e-006,8.140720e-008
2.818382931264414e+003,1.004645e-006,8.140719e-008
2.884031503126565e+003,9.941253e-007,8.140719e-008
2.951209226666344e+003,9.837364e-007,8.140719e-008
3.019951720401973e+003,9.734770e-007,8.140719e-008
3.090295432513546e+003,9.633455e-007,8.140719e-008
3.162277660168334e+003,9.533406e-007,8.140719e-008
3.235936569296236e+003,9.434610e-007,8.140719e-008
3.311311214825863e+003,9.337052e-007,8.140719e-008
3.388441561391976e+003,9.240721e-007,8.140719e-008
3.467368504525266e+003,9.145601e-007,8.140719e-008
3.548133892335703e+003,9.051682e-007,8.140719e-008
3.630780547700960e+003,8.958949e-007,8.140719e-008
3.715352290971671e+003,8.867390e-007,8.140719e-008
3.801893963205556e+003,8.776992e-007,8.140719e-008
3.890451449942748e+003,8.687744e-007,8.140718e-008
3.981071705534913e+003,8.599632e-007,8.140718e-008
4.073802778041067e+003,8.512645e-007,8.140718e-008
4.168693834703292e+003,8.426770e-007,8.140718e-008
4.265795188015863e+003,8.341996e-007,8.140718e-008
4.365158322401594e+003,8.258311e-007,8.140717e-008
4.466835921509563e+003,8.175704e-007,8.140717e-008
4.570881896148680e+003,8.094162e-007,8.140717e-008
4.677351412871911e+003,8.013675e-007,8.140717e-008
4.786300923226310e+003,7.934232e-007,8.140717e-008
4.897788193684387e+003,7.855820e-007,8.140717e-008
5.011872336272646e+003,7.778430e-007,8.140717e-008
5.128613839913570e+003,7.702050e-007,8.140716e-008
5.248074602497645e+003,7.626670e-007,8.140716e-008
5.370317963702444e+003,7.552279e-007,8.140716e-008
5.495408738576160e+003,7.478866e-007,8.140715e-008
5.623413251903404e+003,7.406421e-007,8.140715e-008
5.754399373371480e+003,7.334934e-007,8.140714e-008
5.888436553555798e+003,7.264396e-007,8.140714e-008
6.025595860743483e+003,7.194794e-007,8.140714e-008
6.165950018614725e+003,7.126119e-007,8.140714e-008
6.309573444801834e+003,7.058363e-007,8.140714e-008
6.456542290346454e+003,6.991515e-007,8.140713e-008
6.606934480075856e+003,6.925565e-007,8.140713e-008
6.760829753919711e+003,6.860504e-007,8.140712e-008
6.918309709189256e+003,6.796322e-007,8.140712e-008
7.079457843841267e+003,6.733010e-007,8.140712e-008
7.244359600749786e+003,6.670558e-007,8.140711e-008
7.413102413009058e+003,6.608958e-007,8.140710e-008
7.585775750291718e+003,6.548200e-007,8.140710e-008
7.762471166286794e+003,6.488276e-007,8.140709e-008
7.943282347242689e+003,6.429177e-007,8.140709e-008
8.128305161640863e+003,6.370892e-007,8.140708e-008
8.317637711026577e+003,6.313415e-007,8.140708e-008
8.511380382023628e+003,6.256736e-007,8.140707e-008
8.709635899560666e+003,6.200847e-007,8.140707e-008
8.912509381337311e+003,6.145739e-007,8.140706e-008
9.120108393558950e+003,6.091403e-007,8.140705e-008
9.332543007969760e+003,6.037832e-007,8.140704e-008
9.549925860214205e+003,5.985017e-007,8.140703e-008
9.772372209557949e+003,5.932951e-007,8.140702e-008
9.999999999999838e+003,5.881624e-007,8.140702e-008
1.023292992280738e+004,5.831029e-007,8.140701e-008
1.047128548050883e+004,5.781158e-007,8.140699e-008
1.071519305237589e+004,5.732003e-007,8.140699e-008
1.096478196143167e+004,5.683556e-007,8.140697e-008
1.122018454301945e+004,5.635810e-007,8.140697e-008
1.148153621496864e+004,5.588756e-007,8.140695e-008
1.174897554939510e+004,5.542388e-007,8.140695e-008
1.202264434617393e+004,5.496697e-007,8.140693e-008
1.230268770812361e+004,5.451677e-007,8.140692e-008
1.258925411794147e+004,5.407318e-007,8.140690e-008
1.288249551693113e+004,5.363616e-007,8.140689e-008
1.318256738556385e+004,5.320561e-007,8.140687e-008
1.348962882591631e+004,5.278147e-007,8.140685e-008
1.380384264602862e+004,5.236367e-007,8.140684e-008
1.412537544622731e+004,5.195213e-007,8.140682e-008
1.445439770745904e+004,5.154679e-007,8.140680e-008
1.479108388168183e+004,5.114757e-007,8.140678e-008
1.513561248436183e+004,5.075440e-007,8.140677e-008
1.548816618912456e+004,5.036723e-007,8.140675e-008
1.584893192461087e+004,4.998596e-007,8.140672e-008
1.621810097358903e+004,4.961054e-007,8.140670e-008
1.659586907437533e+004,4.924091e-007,8.140668e-008
1.698243652461716e+004,4.887698e-007,8.140665e-008
1.737800828749346e+004,4.851871e-007,8.140662e-008
1.778279410038893e+004,4.816602e-007,8.140659e-008
1.819700858609953e+004,4.781884e-007,8.140656e-008
1.862087136662836e+004,4.747711e-007,8.140653e-008
1.905460717963215e+004,4.714077e-007,8.140650e-008
1.949844599758012e+004,4.680975e-007,8.140647e-008
1.995262314968846e+004,4.648399e-007,8.140643e-008
2.041737944669495e+004,4.616342e-007,8.140640e-008
2.089296130854004e+004,4.584799e-007,8.140636e-008
2.137962089502196e+004,4.553763e-007,8.140632e-008
2.187761623949515e+004,4.523228e-007,8.140628e-008
2.238721138568302e+004,4.493187e-007,8.140623e-008
2.290867652767734e+004,4.463635e-007,8.140618e-008
2.344228815319882e+004,4.434565e-007,8.140614e-008
2.398832919019449e+004,4.405972e-007,8.140609e-008
2.454708915684988e+004,4.377849e-007,8.140604e-008
2.511886431509537e+004,4.350191e-007,8.140598e-008
2.570395782768820e+004,4.322992e-007,8.140592e-008
2.630267991895336e+004,4.296246e-007,8.140586e-008
2.691534803926869e+004,4.269947e-007,8.140579e-008
2.754228703338119e+004,4.244089e-007,8.140573e-008
2.818382931264405e+004,4.218667e-007,8.140566e-008
2.884031503126556e+004,4.193675e-007,8.140558e-008
2.951209226666335e+004,4.169108e-007,8.140551e-008
3.019951720401964e+004,4.144958e-007,8.140542e-008
3.090295432513537e+004,4.121223e-007,8.140535e-008
3.162277660168324e+004,4.097895e-007,8.140525e-008
3.235936569296226e+004,4.074969e-007,8.140516e-008
3.311311214825853e+004,4.052440e-007,8.140507e-008
3.388441561391966e+004,4.030302e-007,8.140496e-008
3.467368504525255e+004,4.008551e-007,8.140486e-008
3.548133892335692e+004,3.987180e-007,8.140475e-008
3.630780547700949e+004,3.966185e-007,8.140463e-008
3.715352290971659e+004,3.945561e-007,8.140451e-008
3.801893963205544e+004,3.925301e-007,8.140438e-008
3.890451449942737e+004,3.905401e-007,8.140425e-008
3.981071705534901e+004,3.885857e-007,8.140411e-008
4.073802778041054e+004,3.866662e-007,8.140396e-008
4.168693834703279e+004,3.847812e-007,8.140381e-008
4.265795188015849e+004,3.829302e-007,8.140365e-008
4.365158322401581e+004,3.811127e-007,8.140348e-008
4.466835921509550e+004,3.793282e-007,8.140331e-008
4.570881896148667e+004,3.775763e-007,8.140312e-008
4.677351412871897e+004,3.758564e-007,8.140293e-008
4.786300923226296e+004,3.741680e-007,8.140272e-008
4.897788193684373e+004,3.725108e-007,8.140252e-008
5.011872336272631e+004,3.708842e-007,8.140230e-008
5.128613839913555e+004,3.692878e-007,8.140206e-008
5.248074602497630e+004,3.677211e-007,8.140182e-008
5.370317963702428e+004,3.661837e-007,8.140157e-008
5.495408738576144e+004,3.646751e-007,8.140130e-008
5.623413251903386e+004,3.631949e-007,8.140102e-008
5.754399373371462e+004,3.617427e-007,8.140073e-008
5.888436553555779e+004,3.603179e-007,8.140042e-008
6.025595860743464e+004,3.589202e-007,8.140010e-008
6.165950018614706e+004,3.575492e-007,8.139977e-008
6.309573444801814e+004,3.562043e-007,8.139942e-008
6.456542290346434e+004,3.548853e-007,8.139905e-008
6.606934480075835e+004,3.535918e-007,8.139867e-008
6.760829753919689e+004,3.523232e-007,8.139826e-008
6.918309709189233e+004,3.510792e-007,8.139784e-008
7.079457843841244e+004,3.498594e-007,8.139740e-008
7.244359600749762e+004,3.486634e-007,8.139694e-008
7.413102413009033e+004,3.474908e-007,8.139646e-008
7.585775750291692e+004,3.463413e-007,8.139595e-008
7.762471166286769e+004,3.452144e-007,8.139542e-008
7.943282347242662e+004,3.441098e-007,8.139486e-008
8.128305161640835e+004,3.430272e-007,8.139428e-008
8.317637711026549e+004,3.419661e-007,8.139367e-008
8.511380382023599e+004,3.409261e-007,8.139303e-008
8.709635899560637e+004,3.399070e-007,8.139236e-008
8.912509381337282e+004,3.389085e-007,8.139166e-008
9.120108393558920e+004,3.379301e-007,8.139093e-008
9.332543007969728e+004,3.369715e-007,8.139016e-008
9.549925860214172e+004,3.360323e-007,8.138936e-008
9.772372209557916e+004,3.351123e-007,8.138852e-008
9.999999999999804e+004,3.342112e-007,8.138764e-008
1.023292992280734e+005,3.333285e-007,8.138672e-008
1.047128548050879e+005,3.324641e-007,8.138575e-008
1.071519305237585e+005,3.316175e-007,8.138474e-008
1.096478196143163e+005,3.307885e-007,8.138368e-008
1.122018454301941e+005,3.299769e-007,8.138257e-008
1.148153621496860e+005,3.291821e-007,8.138141e-008
1.174897554939506e+005,3.284042e-007,8.138019e-008
1.202264434617389e+005,3.276426e-007,8.137892e-008
1.230268770812357e+005,3.268971e-007,8.137759e-008
1.258925411794142e+005,3.261676e-007,8.137619e-008
1.288249551693108e+005,3.254536e-007,8.137473e-008
1.318256738556380e+005,3.247550e-007,8.137320e-008
1.348962882591626e+005,3.240714e-007,8.137160e-008
1.380384264602857e+005,3.234027e-007,8.136992e-008
1.412537544622725e+005,3.227485e-007,8.136816e-008
1.445439770745898e+005,3.221087e-007,8.136632e-008
1.479108388168177e+005,3.214830e-007,8.136440e-008
1.513561248436177e+005,3.208712e-007,8.136238e-008
1.548816618912449e+005,3.202730e-007,8.136026e-008
1.584893192461081e+005,3.196883e-007,8.135805e-008
1.621810097358896e+005,3.191167e-007,8.135574e-008
1.659586907437526e+005,3.185582e-007,8.135331e-008
1.698243652461709e+005,3.180124e-007,8.135078e-008
1.737800828749339e+005,3.174792e-007,8.134811e-008
1.778279410038886e+005,3.169585e-007,8.134533e-008
1.819700858609946e+005,3.164500e-007,8.134241e-008
1.862087136662829e+005,3.159535e-007,8.133937e-008
1.905460717963207e+005,3.154688e-007,8.133617e-008
1.949844599758005e+005,3.149958e-007,8.133282e-008
1.995262314968838e+005,3.145344e-007,8.132932e-008
2.041737944669486e+005,3.140843e-007,8.132564e-008
2.089296130853995e+005,3.136454e-007,8.132181e-008
2.137962089502187e+005,3.132176e-007,8.131779e-008
2.187761623949506e+005,3.128006e-007,8.131357e-008
2.238721138568292e+005,3.123945e-007,8.130916e-008
2.290867652767724e+005,3.119990e-007,8.130454e-008
2.344228815319872e+005,3.116141e-007,8.129971e-008
2.398832919019439e+005,3.112395e-007,8.129464e-008
2.454708915684978e+005,3.108753e-007,8.128934e-008
2.511886431509526e+005,3.105212e-007,8.128379e-008
2.570395782768809e+005,3.101772e-007,8.127798e-008
2.630267991895325e+005,3.098433e-007,8.127190e-008
2.691534803926857e+005,3.095192e-007,8.126553e-008
2.754228703338107e+005,3.092050e-007,8.125885e-008
2.818382931264393e+005,3.089006e-007,8.125187e-008
2.884031503126543e+005,3.086058e-007,8.124456e-008
2.951209226666322e+005,3.083208e-007,8.123691e-008
3.019951720401950e+005,3.080453e-007,8.122888e-008
3.090295432513523e+005,3.077794e-007,8.122049e-008
3.162277660168310e+005,3.075230e-007,8.121170e-008
3.235936569296212e+005,3.072761e-007,8.120251e-008
3.311311214825838e+005,3.070387e-007,8.119287e-008
3.388441561391951e+005,3.068107e-007,8.118278e-008
3.467368504525240e+005,3.065923e-007,8.117222e-008
3.548133892335676e+005,3.063832e-007,8.116117e-008
3.630780547700933e+005,3.061838e-007,8.114959e-008
3.715352290971643e+005,3.059938e-007,8.113748e-008
3.801893963205527e+005,3.058133e-007,8.112479e-008
3.890451449942719e+005,3.056425e-007,8.111151e-008
3.981071705534884e+005,3.054813e-007,8.109760e-008
4.073802778041036e+005,3.053297e-007,8.108304e-008
4.168693834703261e+005,3.051880e-007,8.106780e-008
4.265795188015831e+005,3.050562e-007,8.105184e-008
4.365158322401562e+005,3.049343e-007,8.103514e-008
4.466835921509531e+005,3.048224e-007,8.101765e-008
4.570881896148648e+005,3.047207e-007,8.099934e-008
4.677351412871877e+005,3.046294e-007,8.098017e-008
4.786300923226276e+005,3.045485e-007,8.096011e-008
4.897788193684352e+005,3.044781e-007,8.093911e-008
5.011872336272610e+005,3.044185e-007,8.091713e-008
5.128613839913533e+005,3.043698e-007,8.089411e-008
5.248074602497608e+005,3.043322e-007,8.087002e-008
5.370317963702406e+005,3.043060e-007,8.084480e-008
5.495408738576121e+005,3.042912e-007,8.081840e-008
5.623413251903363e+005,3.042882e-007,8.079077e-008
5.754399373371438e+005,3.042972e-007,8.076185e-008
5.888436553555755e+005,3.043184e-007,8.073158e-008
6.025595860743440e+005,3.043521e-007,8.069989e-008
6.165950018614681e+005,3.043986e-007,8.066673e-008
6.309573444801788e+005,3.044581e-007,8.063202e-008
6.456542290346407e+005,3.045310e-007,8.059570e-008
6.606934480075808e+005,3.046177e-007,8.055768e-008
6.760829753919662e+005,3.047184e-007,8.051789e-008
6.918309709189205e+005,3.048334e-007,8.047625e-008
7.079457843841215e+005,3.049633e-007,8.043268e-008
7.244359600749733e+005,3.051083e-007,8.038708e-008
7.413102413009004e+005,3.052688e-007,8.033937e-008
7.585775750291662e+005,3.054453e-007,8.028944e-008
7.762471166286737e+005,3.056382e-007,8.023719e-008
7.943282347242631e+005,3.058479e-007,8.018253e-008
8.128305161640804e+005,3.060749e-007,8.012534e-008
8.317637711026516e+005,3.063197e-007,8.006550e-008
8.511380382023566e+005,3.065826e-007,8.000290e-008
8.709635899560602e+005,3.068644e-007,7.993741e-008
8.912509381337245e+005,3.071653e-007,7.986890e-008
9.120108393558882e+005,3.074860e-007,7.979724e-008
9.332543007969690e+005,3.078270e-007,7.972228e-008
9.549925860214133e+005,3.081888e-007,7.964388e-008
9.772372209557875e+005,3.085720e-007,7.956187e-008
9.999999999999763e+005,3.089771e-007,7.947612e-008
1.023292992280730e+006,3.094047e-007,7.938643e-008
1.047128548050875e+006,3.098553e-007,7.929265e-008
1.071519305237581e+006,3.103295e-007,7.919460e-008
1.096478196143159e+006,3.108279e-007,7.909208e-008
1.122018454301937e+006,3.113510e-007,7.898490e-008
1.148153621496855e+006,3.118994e-007,7.887285e-008
1.174897554939502e+006,3.124736e-007,7.875573e-008
1.202264434617384e+006,3.130741e-007,7.863332e-008
1.230268770812352e+006,3.137016e-007,7.850539e-008
1.258925411794137e+006,3.143564e-007,7.837170e-008
1.288249551693103e+006,3.150391e-007,7.823201e-008
1.318256738556376e+006,3.157501e-007,7.808607e-008
1.348962882591621e+006,3.164899e-007,7.793361e-008
1.380384264602852e+006,3.172588e-007,7.777437e-008
1.412537544622720e+006,3.180571e-007,7.760805e-008
1.445439770745893e+006,3.188852e-007,7.743437e-008
1.479108388168172e+006,3.197434e-007,7.725304e-008
1.513561248436171e+006,3.206317e-007,7.706374e-008
1.548816618912444e+006,3.215504e-007,7.686614e-008
1.584893192461075e+006,3.224994e-007,7.665994e-008
1.621810097358890e+006,3.234788e-007,7.644477e-008
1.659586907437520e+006,3.244884e-007,7.622030e-008
1.698243652461703e+006,3.255280e-007,7.598618e-008
1.737800828749333e+006,3.265972e-007,7.574202e-008
1.778279410038879e+006,3.276958e-007,7.548746e-008
1.819700858609939e+006,3.288229e-007,7.522213e-008
1.862087136662822e+006,3.299781e-007,7.494561e-008
1.905460717963201e+006,3.311605e-007,7.465752e-008
1.949844599757998e+006,3.323690e-007,7.435745e-008
1.995262314968831e+006,3.336025e-007,7.404499e-008
2.041737944669479e+006,3.348598e-007,7.371973e-008
2.089296130853988e+006,3.361392e-007,7.338123e-008
2.137962089502180e+006,3.374392e-007,7.302909e-008
2.187761623949499e+006,3.387579e-007,7.266286e-008
2.238721138568285e+006,3.400931e-007,7.228213e-008
2.290867652767716e+006,3.414426e-007,7.188648e-008
2.344228815319864e+006,3.428038e-007,7.147547e-008
2.398832919019431e+006,3.441740e-007,7.104869e-008
2.454708915684969e+006,3.455501e-007,7.060573e-008
2.511886431509518e+006,3.469291e-007,7.014619e-008
2.570395782768800e+006,3.483073e-007,6.966967e-008
2.630267991895317e+006,3.496810e-007,6.917580e-008
2.691534803926849e+006,3.510463e-007,6.866422e-008
2.754228703338098e+006,3.523990e-007,6.813458e-008
2.818382931264383e+006,3.537347e-007,6.758657e-008
2.884031503126534e+006,3.550485e-007,6.701989e-008
2.951209226666312e+006,3.563357e-007,6.643427e-008
3.019951720401940e+006,3.575910e-007,6.582950e-008
3.090295432513513e+006,3.588091e-007,6.520536e-008
3.162277660168300e+006,3.599845e-007,6.456170e-008
3.235936569296201e+006,3.611113e-007,6.389841e-008
3.311311214825827e+006,3.621840e-007,6.321543e-008
3.388441561391939e+006,3.631962e-007,6.251273e-008
3.467368504525228e+006,3.641420e-007,6.179037e-008
3.548133892335665e+006,3.650152e-007,6.104842e-008
3.630780547700921e+006,3.658095e-007,6.028706e-008
3.715352290971631e+006,3.665187e-007,5.950651e-008
3.801893963205515e+006,3.671367e-007,5.870704e-008
3.890451449942707e+006,3.676572e-007,5.788902e-008
3.981071705534871e+006,3.680742e-007,5.705288e-008
4.073802778041023e+006,3.683818e-007,5.619911e-008
4.168693834703247e+006,3.685745e-007,5.532829e-008
4.265795188015817e+006,3.686465e-007,5.444106e-008
4.365158322401547e+006,3.685928e-007,5.353814e-008
4.466835921509516e+006,3.684086e-007,5.262032e-008
4.570881896148631e+006,3.680892e-007,5.168847e-008
4.677351412871860e+006,3.676306e-007,5.074351e-008
4.786300923226259e+006,3.670291e-007,4.978643e-008
4.897788193684334e+006,3.662815e-007,4.881829e-008
5.011872336272592e+006,3.653850e-007,4.784021e-008
5.128613839913514e+006,3.643376e-007,4.685334e-008
5.248074602497589e+006,3.631374e-007,4.585890e-008
5.370317963702387e+006,3.617835e-007,4.485813e-008
5.495408738576102e+006,3.602754e-007,4.385232e-008
5.623413251903344e+006,3.586131e-007,4.284277e-008
5.754399373371419e+006,3.567972e-007,4.183082e-008
5.888436553555735e+006,3.548290e-007,4.081780e-008
6.025595860743419e+006,3.527104e-007,3.980504e-008
6.165950018614660e+006,3.504436e-007,3.879390e-008
6.309573444801766e+006,3.480315e-007,3.778569e-008
6.456542290346385e+006,3.454776e-007,3.678172e-008
6.606934480075786e+006,3.427857e-007,3.578328e-008
6.760829753919640e+006,3.399601e-007,3.479159e-008
6.918309709189182e+006,3.370056e-007,3.380789e-008
7.079457843841192e+006,3.339272e-007,3.283331e-008
7.244359600749710e+006,3.307305e-007,3.186898e-008
7.413102413008980e+006,3.274211e-007,3.091595e-008
7.585775750291637e+006,3.240050e-007,2.997522e-008
7.762471166286712e+006,3.204884e-007,2.904772e-008
7.943282347242604e+006,3.168778e-007,2.813431e-008
8.128305161640776e+006,3.131794e-007,2.723579e-008
8.317637711026489e+006,3.094000e-007,2.635291e-008
8.511380382023538e+006,3.055462e-007,2.548631e-008
8.709635899560574e+006,3.016245e-007,2.463659e-008
8.912509381337218e+006,2.976415e-007,2.380427e-008
9.120108393558854e+006,2.936039e-007,2.298980e-008
9.332543007969661e+006,2.895180e-007,2.219357e-008
9.549925860214103e+006,2.853902e-007,2.141590e-008
9.772372209557844e+006,2.812266e-007,2.065704e-008
9.999999999999732e+006,2.770335e-007,1.991719e-008
1.023292992280727e+007,2.728164e-007,1.919648e-008
1.047128548050872e+007,2.685813e-007,1.849500e-008
1.071519305237578e+007,2.643334e-007,1.781276e-008
1.096478196143156e+007,2.600781e-007,1.714976e-008
1.122018454301933e+007,2.558204e-007,1.650592e-008
1.148153621496852e+007,2.515650e-007,1.588114e-008
1.174897554939498e+007,2.473165e-007,1.527526e-008
1.202264434617380e+007,2.430792e-007,1.468810e-008
1.230268770812348e+007,2.388572e-007,1.411944e-008
1.258925411794133e+007,2.346542e-007,1.356903e-008
1.288249551693099e+007,2.304740e-007,1.303661e-008
1.318256738556371e+007,2.263197e-007,1.252186e-008
1.348962882591617e+007,2.221946e-007,1.202447e-008
1.380384264602847e+007,2.181016e-007,1.154410e-008
1.412537544622716e+007,2.140433e-007,1.108041e-008
1.445439770745888e+007,2.100222e-007,1.063301e-008
1.479108388168167e+007,2.060405e-007,1.020155e-008
1.513561248436167e+007,2.021004e-007,9.785625e-009
1.548816618912439e+007,1.982036e-007,9.384848e-009
1.584893192461070e+007,1.943520e-007,8.998823e-009
1.621810097358885e+007,1.905469e-007,8.627147e-009
1.659586907437515e+007,1.867899e-007,8.269419e-009
1.698243652461698e+007,1.830820e-007,7.925234e-009
1.737800828749327e+007,1.794243e-007,7.594191e-009
1.778279410038874e+007,1.758178e-007,7.275891e-009
1.819700858609933e+007,1.722632e-007,6.969934e-009
1.862087136662816e+007,1.687611e-007,6.675931e-009
1.905460717963195e+007,1.653122e-007,6.393492e-009
1.949844599757991e+007,1.619168e-007,6.122234e-009
1.995262314968824e+007,1.585752e-007,5.861782e-009
2.041737944669473e+007,1.552878e-007,5.611765e-009
2.089296130853982e+007,1.520545e-007,5.371823e-009
2.137962089502173e+007,1.488755e-007,5.141599e-009
2.187761623949492e+007,1.457508e-007,4.920747e-009
2.238721138568277e+007,1.426802e-007,4.708929e-009
2.290867652767709e+007,1.396637e-007,4.505814e-009
2.344228815319857e+007,1.367009e-007,4.311082e-009
2.398832919019423e+007,1.337916e-007,4.124418e-009
2.454708915684962e+007,1.309354e-007,3.945519e-009
2.511886431509510e+007,1.281321e-007,3.774090e-009
2.570395782768792e+007,1.253812e-007,3.609844e-009
2.630267991895308e+007,1.226821e-007,3.452502e-009
2.691534803926840e+007,1.200345e-007,3.301797e-009
2.754228703338089e+007,1.174378e-007,3.157466e-009
2.818382931264374e+007,1.148915e-007,3.019259e-009
2.884031503126525e+007,1.123949e-007,2.886932e-009
2.951209226666303e+007,1.099475e-007,2.760249e-009
3.019951720401931e+007,1.075487e-007,2.638983e-009
3.090295432513503e+007,1.051977e-007,2.522915e-009
3.162277660168290e+007,1.028940e-007,2.411833e-009
3.235936569296191e+007,1.006370e-007,2.305533e-009
3.311311214825817e+007,9.842581e-008,2.203819e-009
3.388441561391930e+007,9.625988e-008,2.106502e-009
3.467368504525218e+007,9.413849e-008,2.013399e-009
3.548133892335654e+007,9.206095e-008,1.924335e-009
3.630780547700910e+007,9.002655e-008,1.839142e-009
3.715352290971620e+007,8.803457e-008,1.757656e-009
3.801893963205504e+007,8.608432e-008,1.679723e-009
3.890451449942695e+007,8.417508e-008,1.605193e-009
3.981071705534859e+007,8.230615e-008,1.533920e-009
4.073802778041011e+007,8.047682e-008,1.465768e-009
4.168693834703235e+007,7.868639e-008,1.400603e-009
4.265795188015805e+007,7.693416e-008,1.338297e-009
4.365158322401536e+007,7.521943e-008,1.278729e-009
4.466835921509504e+007,7.354150e-008,1.221782e-009
4.570881896148621e+007,7.189969e-008,1.167341e-009
4.677351412871849e+007,7.029332e-008,1.115300e-009
4.786300923226247e+007,6.872173e-008,1.065555e-009
4.897788193684322e+007,6.718422e-008,1.018006e-009
5.011872336272580e+007,6.568016e-008,9.725594e-010
5.128613839913502e+007,6.420888e-008,9.291225e-010
5.248074602497576e+007,6.276975e-008,8.876085e-010
5.370317963702374e+007,6.136212e-008,8.479335e-010
5.495408738576088e+007,5.998535e-008,8.100174e-010
5.623413251903330e+007,5.863885e-008,7.737834e-010
5.754399373371404e+007,5.732198e-008,7.391578e-010
5.888436553555721e+007,5.603416e-008,7.060704e-010
6.025595860743405e+007,5.477479e-008,6.744535e-010
6.165950018614645e+007,5.354328e-008,6.442427e-010
6.309573444801751e+007,5.233906e-008,6.153761e-010
6.456542290346369e+007,5.116156e-008,5.877947e-010
6.606934480075770e+007,5.001023e-008,5.614417e-010
6.760829753919622e+007,4.888453e-008,5.362631e-010
6.918309709189165e+007,4.778390e-008,5.122070e-010
7.079457843841174e+007,4.670783e-008,4.892238e-010
7.244359600749691e+007,4.565580e-008,4.672662e-010
7.413102413008960e+007,4.462730e-008,4.462886e-010
7.585775750291617e+007,4.362182e-008,4.262478e-010
7.762471166286692e+007,4.263888e-008,4.071022e-010
7.943282347242585e+007,4.167799e-008,3.888121e-010
8.128305161640757e+007,4.073869e-008,3.713396e-010
8.317637711026469e+007,3.982050e-008,3.546483e-010
8.511380382023518e+007,3.892298e-008,3.387036e-010
8.709635899560553e+007,3.804567e-008,3.234722e-010
8.912509381337196e+007,3.718815e-008,3.089225e-010
9.120108393558832e+007,3.634997e-008,2.950241e-010
9.332543007969639e+007,3.553073e-008,2.817480e-010
9.549925860214081e+007,3.473001e-008,2.690664e-010
9.772372209557822e+007,3.394740e-008,2.569529e-010
1.000000000000000e+008,3.318252e-008,2.453822e-010
