frequency,V(onoise),V(r1)
1.000000000000000e-001,8.110442e-007,8.142654e-008
1.023292992280754e-001,8.018780e-007,8.142654e-008
1.047128548050900e-001,7.928180e-007,8.142654e-008
1.071519305237607e-001,7.838631e-007,8.142654e-008
1.096478196143185e-001,7.750122e-007,8.142654e-008
1.122018454301964e-001,7.662638e-007,8.142654e-008
1.148153621496883e-001,7.576170e-007,8.142654e-008
1.174897554939530e-001,7.490707e-007,8.142654e-008
1.202264434617413e-001,7.406236e-007,8.142654e-008
1.230268770812382e-001,7.322747e-007,8.142654e-008
1.258925411794167e-001,7.240228e-007,8.142654e-008
1.288249551693134e-001,7.158667e-007,8.142654e-008
1.318256738556407e-001,7.078057e-007,8.142654e-008
1.348962882591653e-001,6.998384e-007,8.142654e-008
1.380384264602884e-001,6.919638e-007,8.142654e-008
1.412537544622754e-001,6.841809e-007,8.142654e-008
1.445439770745927e-001,6.764887e-007,8.142654e-008
1.479108388168207e-001,6.688861e-007,8.142654e-008
1.513561248436207e-001,6.613722e-007,8.142654e-008
1.548816618912480e-001,6.539458e-007,8.142654e-008
1.584893192461112e-001,6.466062e-007,8.142654e-008
1.621810097358929e-001,6.393522e-007,8.142654e-008
1.659586907437559e-001,6.321828e-007,8.142654e-008
1.698243652461743e-001,6.250973e-007,8.142654e-008
1.737800828749374e-001,6.180946e-007,8.142654e-008
1.778279410038921e-001,6.111738e-007,8.142654e-008
1.819700858609982e-001,6.043339e-007,8.142654e-008
1.862087136662866e-001,5.975741e-007,8.142654e-008
1.905460717963245e-001,5.908935e-007,8.142654e-008
1.949844599758043e-001,5.842912e-007,8.142654e-008
1.995262314968878e-001,5.777662e-007,8.142654e-008
2.041737944669527e-001,5.713178e-007,8.142654e-008
2.089296130854037e-001,5.649451e-007,8.142654e-008
2.137962089502230e-001,5.586472e-007,8.142654e-008
2.187761623949550e-001,5.524233e-007,8.142654e-008
2.238721138568337e-001,5.462725e-007,8.142654e-008
2.290867652767770e-001,5.401942e-007,8.142654e-008
2.344228815319919e-001,5.341873e-007,8.142654e-008
2.398832919019487e-001,5.282512e-007,8.142654e-008
2.454708915685027e-001,5.223851e-007,8.142654e-008
2.511886431509577e-001,5.165881e-007,8.142654e-008
2.570395782768861e-001,5.108595e-007,8.142654e-008
2.630267991895379e-001,5.051987e-007,8.142654e-008
2.691534803926912e-001,4.996047e-007,8.142654e-008
2.754228703338163e-001,4.940768e-007,8.142654e-008
2.818382931264450e-001,4.886143e-007,8.142654e-008
2.884031503126602e-001,4.832166e-007,8.142654e-008
2.951209226666382e-001,4.778828e-007,8.142654e-008
3.019951720402012e-001,4.726122e-007,8.142654e-008
3.090295432513586e-001,4.674042e-007,8.142654e-008
3.162277660168375e-001,4.622582e-007,8.142654e-008
3.235936569296278e-001,4.571732e-007,8.142654e-008
3.311311214825907e-001,4.521488e-007,8.142654e-008
3.388441561392021e-001,4.471842e-007,8.142654e-008
3.467368504525312e-001,4.422787e-007,8.142654e-008
3.548133892335750e-001,4.374319e-007,8.142654e-008
3.630780547701009e-001,4.326428e-007,8.142654e-008
3.715352290971720e-001,4.279110e-007,8.142654e-008
3.801893963205607e-001,4.232358e-007,8.142654e-008
3.890451449942800e-001,4.186166e-007,8.142654e-008
3.981071705534967e-001,4.140527e-007,8.142654e-008
4.073802778041121e-001,4.095436e-007,8.142654e-008
4.168693834703348e-001,4.050887e-007,8.142654e-008
4.265795188015920e-001,4.006873e-007,8.142654e-008
4.365158322401653e-001,3.963389e-007,8.142654e-008
4.466835921509624e-001,3.920428e-007,8.142654e-008
4.570881896148742e-001,3.877986e-007,8.142654e-008
4.677351412871974e-001,3.836056e-007,8.142654e-008
4.786300923226375e-001,3.794633e-007,8.142654e-008
4.897788193684454e-001,3.753712e-007,8.142654e-008
5.011872336272715e-001,3.713286e-007,8.142654e-008
5.128613839913641e-001,3.673350e-007,8.142654e-008
5.248074602497718e-001,3.633900e-007,8.142654e-008
5.370317963702519e-001,3.594930e-007,8.142654e-008
5.495408738576236e-001,3.556434e-007,8.142654e-008
5.623413251903481e-001,3.518407e-007,8.142654e-008
5.754399373371559e-001,3.480845e-007,8.142654e-008
5.888436553555879e-001,3.443742e-007,8.142654e-008
6.025595860743567e-001,3.407093e-007,8.142654e-008
6.165950018614811e-001,3.370893e-007,8.142654e-008
6.309573444801921e-001,3.335138e-007,8.142654e-008
6.456542290346544e-001,3.299822e-007,8.142654e-008
6.606934480075949e-001,3.264942e-007,8.142654e-008
6.760829753919806e-001,3.230491e-007,8.142654e-008
6.918309709189353e-001,3.196466e-007,8.142654e-008
7.079457843841367e-001,3.162862e-007,8.142654e-008
7.244359600749888e-001,3.129674e-007,8.142654e-008
7.413102413009162e-001,3.096898e-007,8.142654e-008
7.585775750291823e-001,3.064529e-007,8.142654e-008
7.762471166286903e-001,3.032564e-007,8.142654e-008
7.943282347242799e-001,3.000997e-007,8.142654e-008
8.128305161640976e-001,2.969825e-007,8.142654e-008
8.317637711026693e-001,2.939042e-007,8.142654e-008
8.511380382023747e-001,2.908646e-007,8.142654e-008
8.709635899560788e-001,2.878632e-007,8.142654e-008
8.912509381337437e-001,2.848995e-007,8.142654e-008
9.120108393559078e-001,2.819732e-007,8.142654e-008
9.332543007969890e-001,2.790839e-007,8.142654e-008
9.549925860214339e-001,2.762311e-007,8.142654e-008
9.772372209558086e-001,2.734145e-007,8.142654e-008
9.999999999999978e-001,2.706337e-007,8.142654e-008
1.023292992280752e+000,2.678884e-007,8.142654e-008
1.047128548050897e+000,2.651780e-007,8.142654e-008
1.071519305237604e+000,2.625024e-007,8.142654e-008
1.096478196143182e+000,2.598610e-007,8.142654e-008
1.122018454301961e+000,2.572535e-007,8.142654e-008
1.148153621496880e+000,2.546796e-007,8.142654e-008
1.174897554939527e+000,2.521389e-007,8.142654e-008
1.202264434617410e+000,2.496311e-007,8.142654e-008
1.230268770812378e+000,2.471558e-007,8.142654e-008
1.258925411794164e+000,2.447126e-007,8.142654e-008
1.288249551693131e+000,2.423012e-007,8.142654e-008
1.318256738556404e+000,2.399213e-007,8.142654e-008
1.348962882591650e+000,2.375726e-007,8.142654e-008
1.380384264602881e+000,2.352546e-007,8.142654e-008
1.412537544622750e+000,2.329672e-007,8.142654e-008
1.445439770745923e+000,2.307099e-007,8.142654e-008
1.479108388168203e+000,2.284824e-007,8.142654e-008
1.513561248436204e+000,2.262845e-007,8.142654e-008
1.548816618912477e+000,2.241157e-007,8.142654e-008
1.584893192461109e+000,2.219759e-007,8.142654e-008
1.621810097358925e+000,2.198646e-007,8.142654e-008
1.659586907437555e+000,2.177817e-007,8.142654e-008
1.698243652461739e+000,2.157267e-007,8.142654e-008
1.737800828749370e+000,2.136994e-007,8.142654e-008
1.778279410038917e+000,2.116995e-007,8.142654e-008
1.819700858609977e+000,2.097267e-007,8.142654e-008
1.862087136662861e+000,2.077807e-007,8.142654e-008
1.905460717963241e+000,2.058613e-007,8.142654e-008
1.949844599758039e+000,2.039680e-007,8.142654e-008
1.995262314968873e+000,2.021008e-007,8.142654e-008
2.041737944669523e+000,2.002592e-007,8.142654e-008
2.089296130854033e+000,1.984430e-007,8.142654e-008
2.137962089502225e+000,1.966520e-007,8.142654e-008
2.187761623949545e+000,1.948859e-007,8.142654e-008
2.238721138568332e+000,1.931443e-007,8.142654e-008
2.290867652767766e+000,1.914271e-007,8.142654e-008
2.344228815319914e+000,1.897339e-007,8.142654e-008
2.398832919019482e+000,1.880646e-007,8.142654e-008
2.454708915685022e+000,1.864188e-007,8.142654e-008
2.511886431509572e+000,1.847963e-007,8.142654e-008
2.570395782768855e+000,1.831969e-007,8.142654e-008
2.630267991895373e+000,1.816203e-007,8.142654e-008
2.691534803926906e+000,1.800662e-007,8.142654e-008
2.754228703338157e+000,1.785344e-007,8.142654e-008
2.818382931264444e+000,1.770247e-007,8.142654e-008
2.884031503126595e+000,1.755368e-007,8.142654e-008
2.951209226666375e+000,1.740705e-007,8.142654e-008
3.019951720402005e+000,1.726255e-007,8.142654e-008
3.090295432513579e+000,1.712017e-007,8.142654e-008
3.162277660168367e+000,1.697987e-007,8.142654e-008
3.235936569296270e+000,1.684164e-007,8.142654e-008
3.311311214825898e+000,1.670545e-007,8.142654e-008
3.388441561392012e+000,1.657128e-007,8.142654e-008
3.467368504525302e+000,1.643910e-007,8.142654e-008
3.548133892335740e+000,1.630890e-007,8.142654e-008
3.630780547700999e+000,1.618065e-007,8.142654e-008
3.715352290971711e+000,1.605433e-007,8.142654e-008
3.801893963205597e+000,1.592991e-007,8.142654e-008
3.890451449942790e+000,1.580738e-007,8.142654e-008
3.981071705534956e+000,1.568672e-007,8.142654e-008
4.073802778041110e+000,1.556790e-007,8.142654e-008
4.168693834703337e+000,1.545090e-007,8.142654e-008
4.265795188015909e+000,1.533570e-007,8.142654e-008
4.365158322401642e+000,1.522229e-007,8.142654e-008
4.466835921509612e+000,1.511063e-007,8.142654e-008
4.570881896148731e+000,1.500071e-007,8.142654e-008
4.677351412871962e+000,1.489251e-007,8.142654e-008
4.786300923226363e+000,1.478600e-007,8.142654e-008
4.897788193684440e+000,1.468118e-007,8.142654e-008
5.011872336272701e+000,1.457801e-007,8.142654e-008
5.128613839913625e+000,1.447648e-007,8.142654e-008
5.248074602497702e+000,1.437657e-007,8.142654e-008
5.370317963702503e+000,1.427826e-007,8.142654e-008
5.495408738576220e+000,1.418153e-007,8.142654e-008
5.623413251903465e+000,1.408635e-007,8.142654e-008
5.754399373371542e+000,1.399272e-007,8.142654e-008
5.888436553555861e+000,1.390061e-007,8.142654e-008
6.025595860743549e+000,1.381001e-007,8.142654e-008
6.165950018614792e+000,1.372089e-007,8.142654e-008
6.309573444801902e+000,1.363323e-007,8.142654e-008
6.456542290346524e+000,1.354702e-007,8.142654e-008
6.606934480075928e+000,1.346224e-007,8.142654e-008
6.760829753919785e+000,1.337887e-007,8.142654e-008
6.918309709189331e+000,1.329690e-007,8.142654e-008
7.079457843841344e+000,1.321630e-007,8.142654e-008
7.244359600749864e+000,1.313705e-007,8.142654e-008
7.413102413009137e+000,1.305915e-007,8.142654e-008
7.585775750291798e+000,1.298256e-007,8.142654e-008
7.762471166286877e+000,1.290728e-007,8.142654e-008
7.943282347242774e+000,1.283329e-007,8.142654e-008
8.128305161640951e+000,1.276057e-007,8.142654e-008
8.317637711026666e+000,1.268910e-007,8.142654e-008
8.511380382023720e+000,1.261887e-007,8.142654e-008
8.709635899560761e+000,1.254985e-007,8.142654e-008
8.912509381337408e+000,1.248204e-007,8.142654e-008
9.120108393559049e+000,1.241541e-007,8.142654e-008
9.332543007969861e+000,1.234995e-007,8.142654e-008
9.549925860214309e+000,1.228565e-007,8.142654e-008
9.772372209558055e+000,1.222248e-007,8.142654e-008
9.999999999999947e+000,1.216043e-007,8.142654e-008
1.023292992280749e+001,1.209949e-007,8.142654e-008
1.047128548050894e+001,1.203964e-007,8.142654e-008
1.071519305237601e+001,1.198086e-007,8.142654e-008
1.096478196143179e+001,1.192314e-007,8.142654e-008
1.122018454301957e+001,1.186646e-007,8.142654e-008
1.148153621496876e+001,1.181081e-007,8.142654e-008
1.174897554939523e+001,1.175617e-007,8.142654e-008
1.202264434617406e+001,1.170253e-007,8.142654e-008
1.230268770812375e+001,1.164987e-007,8.142654e-008
1.258925411794160e+001,1.159818e-007,8.142654e-008
1.288249551693127e+001,1.154744e-007,8.142654e-008
1.318256738556400e+001,1.149764e-007,8.142654e-008
1.348962882591646e+001,1.144877e-007,8.142654e-008
1.380384264602877e+001,1.140080e-007,8.142654e-008
1.412537544622746e+001,1.135373e-007,8.142654e-008
1.445439770745919e+001,1.130755e-007,8.142654e-008
1.479108388168199e+001,1.126223e-007,8.142654e-008
1.513561248436199e+001,1.121776e-007,8.142654e-008
1.548816618912472e+001,1.117414e-007,8.142654e-008
1.584893192461104e+001,1.113135e-007,8.142654e-008
1.621810097358920e+001,1.108937e-007,8.142654e-008
1.659586907437550e+001,1.104819e-007,8.142654e-008
1.698243652461734e+001,1.100780e-007,8.142654e-008
1.737800828749365e+001,1.096818e-007,8.142654e-008
1.778279410038912e+001,1.092933e-007,8.142654e-008
1.819700858609972e+001,1.089123e-007,8.142654e-008
1.862087136662855e+001,1.085387e-007,8.142654e-008
1.905460717963235e+001,1.081723e-007,8.142654e-008
1.949844599758032e+001,1.078131e-007,8.142654e-008
1.995262314968866e+001,1.074608e-007,8.142654e-008
2.041737944669515e+001,1.071155e-007,8.142654e-008
2.089296130854025e+001,1.067770e-007,8.142654e-008
2.137962089502218e+001,1.064451e-007,8.142654e-008
2.187761623949537e+001,1.061198e-007,8.142654e-008
2.238721138568324e+001,1.058009e-007,8.142654e-008
2.290867652767757e+001,1.054884e-007,8.142654e-008
2.344228815319906e+001,1.051820e-007,8.142654e-008
2.398832919019474e+001,1.048818e-007,8.142654e-008
2.454708915685013e+001,1.045876e-007,8.142654e-008
2.511886431509563e+001,1.042992e-007,8.142654e-008
2.570395782768846e+001,1.040167e-007,8.142654e-008
2.630267991895363e+001,1.037398e-007,8.142654e-008
2.691534803926897e+001,1.034686e-007,8.142654e-008
2.754228703338147e+001,1.032028e-007,8.142654e-008
2.818382931264434e+001,1.029424e-007,8.142654e-008
2.884031503126585e+001,1.026873e-007,8.142654e-008
2.951209226666364e+001,1.024374e-007,8.142654e-008
3.019951720401994e+001,1.021926e-007,8.142654e-008
3.090295432513568e+001,1.019528e-007,8.142654e-008
3.162277660168356e+001,1.017179e-007,8.142654e-008
3.235936569296258e+001,1.014878e-007,8.142654e-008
3.311311214825886e+001,1.012625e-007,8.142654e-008
3.388441561392000e+001,1.010418e-007,8.142654e-008
3.467368504525290e+001,1.008256e-007,8.142654e-008
3.548133892335728e+001,1.006140e-007,8.142654e-008
3.630780547700986e+001,1.004067e-007,8.142654e-008
3.715352290971697e+001,1.002037e-007,8.142654e-008
3.801893963205583e+001,1.000050e-007,8.142654e-008
3.890451449942776e+001,9.981034e-008,8.142654e-008
3.981071705534941e+001,9.961979e-008,8.142654e-008
4.073802778041095e+001,9.943323e-008,8.142654e-008
4.168693834703321e+001,9.925057e-008,8.142654e-008
4.265795188015893e+001,9.907175e-008,8.142654e-008
4.365158322401625e+001,9.889668e-008,8.142654e-008
4.466835921509595e+001,9.872530e-008,8.142654e-008
4.570881896148713e+001,9.855754e-008,8.142654e-008
4.677351412871944e+001,9.839331e-008,8.142654e-008
4.786300923226344e+001,9.823255e-008,8.142654e-008
4.897788193684422e+001,9.807521e-008,8.142654e-008
5.011872336272682e+001,9.792120e-008,8.142654e-008
5.128613839913606e+001,9.777047e-008,8.142654e-008
5.248074602497682e+001,9.762293e-008,8.142654e-008
5.370317963702482e+001,9.747855e-008,8.142654e-008
5.495408738576199e+001,9.733724e-008,8.142654e-008
5.623413251903443e+001,9.719894e-008,8.142654e-008
5.754399373371521e+001,9.706361e-008,8.142654e-008
5.888436553555840e+001,9.693118e-008,8.142654e-008
6.025595860743526e+001,9.680159e-008,8.142654e-008
6.165950018614769e+001,9.667477e-008,8.142654e-008
6.309573444801878e+001,9.655069e-008,8.142654e-008
6.456542290346499e+001,9.642927e-008,8.142654e-008
6.606934480075903e+001,9.631047e-008,8.142654e-008
6.760829753919759e+001,9.619423e-008,8.142654e-008
6.918309709189305e+001,9.608051e-008,8.142654e-008
7.079457843841317e+001,9.596923e-008,8.142654e-008
7.244359600749837e+001,9.586038e-008,8.142654e-008
7.413102413009111e+001,9.575388e-008,8.142654e-008
7.585775750291771e+001,9.564968e-008,8.142654e-008
7.762471166286849e+001,9.554775e-008,8.142654e-008
7.943282347242744e+001,9.544804e-008,8.142654e-008
8.128305161640920e+001,9.535049e-008,8.142654e-008
8.317637711026636e+001,9.525507e-008,8.142654e-008
8.511380382023688e+001,9.516174e-008,8.142654e-008
8.709635899560728e+001,9.507043e-008,8.142654e-008
8.912509381337374e+001,9.498112e-008,8.142654e-008
9.120108393559013e+001,9.489376e-008,8.142654e-008
9.332543007969824e+001,9.480831e-008,8.142654e-008
9.549925860214270e+001,9.472474e-008,8.142654e-008
9.772372209558016e+001,9.464299e-008,8.142654e-008
9.999999999999906e+001,9.456304e-008,8.142654e-008
1.023292992280745e+002,9.448485e-008,8.142654e-008
1.047128548050890e+002,9.440836e-008,8.142654e-008
1.071519305237596e+002,9.433356e-008,8.142654e-008
1.096478196143175e+002,9.426041e-008,8.142654e-008
1.122018454301953e+002,9.418887e-008,8.142654e-008
1.148153621496872e+002,9.411891e-008,8.142654e-008
1.174897554939518e+002,9.405048e-008,8.142654e-008
1.202264434617402e+002,9.398357e-008,8.142654e-008
1.230268770812370e+002,9.391814e-008,8.142654e-008
1.258925411794155e+002,9.385415e-008,8.142654e-008
1.288249551693122e+002,9.379157e-008,8.142654e-008
1.318256738556394e+002,9.373038e-008,8.142654e-008
1.348962882591640e+002,9.367054e-008,8.142654e-008
1.380384264602871e+002,9.361204e-008,8.142654e-008
1.412537544622740e+002,9.355482e-008,8.142654e-008
1.445439770745913e+002,9.349888e-008,8.142654e-008
1.479108388168193e+002,9.344418e-008,8.142654e-008
1.513561248436193e+002,9.339069e-008,8.142654e-008
1.548816618912466e+002,9.333839e-008,8.142654e-008
1.584893192461097e+002,9.328726e-008,8.142654e-008
1.621810097358913e+002,9.323725e-008,8.142654e-008
1.659586907437543e+002,9.318837e-008,8.142654e-008
1.698243652461727e+002,9.314057e-008,8.142654e-008
1.737800828749357e+002,9.309384e-008,8.142654e-008
1.778279410038904e+002,9.304814e-008,8.142654e-008
1.819700858609964e+002,9.300347e-008,8.142654e-008
1.862087136662848e+002,9.295979e-008,8.142654e-008
1.905460717963227e+002,9.291710e-008,8.142654e-008
1.949844599758025e+002,9.287535e-008,8.142654e-008
1.995262314968859e+002,9.283453e-008,8.142654e-008
2.041737944669508e+002,9.279464e-008,8.142654e-008
2.089296130854017e+002,9.275563e-008,8.142654e-008
2.137962089502209e+002,9.271749e-008,8.142654e-008
2.187761623949529e+002,9.268020e-008,8.142654e-008
2.238721138568316e+002,9.264376e-008,8.142654e-008
2.290867652767749e+002,9.260813e-008,8.142654e-008
2.344228815319897e+002,9.257329e-008,8.142654e-008
2.398832919019465e+002,9.253925e-008,8.142654e-008
2.454708915685004e+002,9.250596e-008,8.142654e-008
2.511886431509553e+002,9.247341e-008,8.142654e-008
2.570395782768836e+002,9.244160e-008,8.142654e-008
2.630267991895354e+002,9.241051e-008,8.142654e-008
2.691534803926887e+002,9.238011e-008,8.142654e-008
2.754228703338137e+002,9.235040e-008,8.142654e-008
2.818382931264423e+002,9.232135e-008,8.142654e-008
2.884031503126574e+002,9.229296e-008,8.142654e-008
2.951209226666354e+002,9.226520e-008,8.142654e-008
3.019951720401983e+002,9.223807e-008,8.142654e-008
3.090295432513557e+002,9.221156e-008,8.142654e-008
3.162277660168345e+002,9.218564e-008,8.142654e-008
3.235936569296247e+002,9.216031e-008,8.142654e-008
3.311311214825875e+002,9.213554e-008,8.142654e-008
3.388441561391988e+002,9.211134e-008,8.142654e-008
3.467368504525278e+002,9.208767e-008,8.142654e-008
3.548133892335715e+002,9.206455e-008,8.142654e-008
3.630780547700973e+002,9.204194e-008,8.142654e-008
3.715352290971684e+002,9.201985e-008,8.142654e-008
3.801893963205569e+002,9.199825e-008,8.142654e-008
3.890451449942762e+002,9.197714e-008,8.142654e-008
3.981071705534927e+002,9.195652e-008,8.142654e-008
4.073802778041081e+002,9.193635e-008,8.142654e-008
4.168693834703306e+002,9.191665e-008,8.142654e-008
4.265795188015877e+002,9.189738e-008,8.142654e-008
4.365158322401609e+002,9.187856e-008,8.142654e-008
4.466835921509579e+002,9.186017e-008,8.142654e-008
4.570881896148697e+002,9.184218e-008,8.142654e-008
4.677351412871927e+002,9.182461e-008,8.142654e-008
4.786300923226327e+002,9.180744e-008,8.142654e-008
4.897788193684405e+002,9.179065e-008,8.142654e-008
5.011872336272664e+002,9.177425e-008,8.142654e-008
5.128613839913588e+002,9.175821e-008,8.142654e-008
5.248074602497665e+002,9.174254e-008,8.142654e-008
5.370317963702464e+002,9.172723e-008,8.142654e-008
5.495408738576181e+002,9.171227e-008,8.142654e-008
5.623413251903425e+002,9.169764e-008,8.142654e-008
5.754399373371501e+002,9.168335e-008,8.142654e-008
5.888436553555820e+002,9.166939e-008,8.142654e-008
6.025595860743506e+002,9.165574e-008,8.142654e-008
6.165950018614748e+002,9.164241e-008,8.142654e-008
6.309573444801856e+002,9.162937e-008,8.142654e-008
6.456542290346476e+002,9.161664e-008,8.142654e-008
6.606934480075879e+002,9.160420e-008,8.142654e-008
6.760829753919735e+002,9.159204e-008,8.142654e-008
6.918309709189280e+002,9.158016e-008,8.142654e-008
7.079457843841292e+002,9.156854e-008,8.142654e-008
7.244359600749812e+002,9.155720e-008,8.142654e-008
7.413102413009084e+002,9.154612e-008,8.142654e-008
7.585775750291745e+002,9.153528e-008,8.142654e-008
7.762471166286822e+002,9.152470e-008,8.142654e-008
7.943282347242717e+002,9.151437e-008,8.142654e-008
8.128305161640892e+002,9.150426e-008,8.142654e-008
8.317637711026607e+002,9.149439e-008,8.142654e-008
8.511380382023659e+002,9.148475e-008,8.142654e-008
8.709635899560698e+002,9.147533e-008,8.142654e-008
8.912509381337344e+002,9.146613e-008,8.142654e-008
9.120108393558983e+002,9.145714e-008,8.142654e-008
9.332543007969792e+002,9.144835e-008,8.142654e-008
9.549925860214238e+002,9.143977e-008,8.142654e-008
9.772372209557982e+002,9.143139e-008,8.142654e-008
9.999999999999872e+002,9.142320e-008,8.142654e-008
1.023292992280741e+003,9.141520e-008,8.142654e-008
1.047128548050886e+003,9.140739e-008,8.142654e-008
1.071519305237592e+003,9.139976e-008,8.142654e-008
1.096478196143171e+003,9.139230e-008,8.142654e-008
1.122018454301949e+003,9.138503e-008,8.142654e-008
1.148153621496868e+003,9.137791e-008,8.142654e-008
1.174897554939514e+003,9.137097e-008,8.142654e-008
1.202264434617397e+003,9.136419e-008,8.142654e-008
1.230268770812365e+003,9.135757e-008,8.142654e-008
1.258925411794151e+003,9.135110e-008,8.142654e-008
1.288249551693117e+003,9.134479e-008,8.142654e-008
1.318256738556389e+003,9.133863e-008,8.142654e-008
1.348962882591635e+003,9.133261e-008,8.142654e-008
1.380384264602866e+003,9.132673e-008,8.142654e-008
1.412537544622735e+003,9.132099e-008,8.142654e-008
1.445439770745908e+003,9.131539e-008,8.142654e-008
1.479108388168187e+003,9.130993e-008,8.142654e-008
1.513561248436188e+003,9.130459e-008,8.142654e-008
1.548816618912460e+003,9.129938e-008,8.142654e-008
1.584893192461092e+003,9.129430e-008,8.142654e-008
1.621810097358908e+003,9.128934e-008,8.142654e-008
1.659586907437538e+003,9.128451e-008,8.142654e-008
1.698243652461721e+003,9.127978e-008,8.142654e-008
1.737800828749352e+003,9.127518e-008,8.142654e-008
1.778279410038899e+003,9.127069e-008,8.142654e-008
1.819700858609959e+003,9.126630e-008,8.142654e-008
1.862087136662842e+003,9.126202e-008,8.142654e-008
1.905460717963221e+003,9.125786e-008,8.142654e-008
1.949844599758018e+003,9.125380e-008,8.142654e-008
1.995262314968852e+003,9.124983e-008,8.142654e-008
2.041737944669501e+003,9.124597e-008,8.142654e-008
2.089296130854011e+003,9.124221e-008,8.142654e-008
2.137962089502203e+003,9.123853e-008,8.142654e-008
2.187761623949522e+003,9.123496e-008,8.142654e-008
2.238721138568309e+003,9.123148e-008,8.142654e-008
2.290867652767741e+003,9.122809e-008,8.142654e-008
2.344228815319890e+003,9.122479e-008,8.142654e-008
2.398832919019457e+003,9.122157e-008,8.142654e-008
2.454708915684996e+003,9.121845e-008,8.142654e-008
2.511886431509545e+003,9.121540e-008,8.142654e-008
2.570395782768828e+003,9.121243e-008,8.142654e-008
2.630267991895345e+003,9.120956e-008,8.142654e-008
2.691534803926878e+003,9.120676e-008,8.142654e-008
2.754228703338128e+003,9.120404e-008,8.142654e-008
2.818382931264414e+003,9.120139e-008,8.142654e-008
2.884031503126565e+003,9.119882e-008,8.142654e-008
2.951209226666344e+003,9.119633e-008,8.142654e-008
3.019951720401973e+003,9.119390e-008,8.142654e-008
3.090295432513546e+003,9.119155e-008,8.142654e-008
3.162277660168334e+003,9.118928e-008,8.142654e-008
3.235936569296236e+003,9.118707e-008,8.142654e-008
3.311311214825863e+003,9.118493e-008,8.142654e-008
3.388441561391976e+003,9.118286e-008,8.142654e-008
3.467368504525266e+003,9.118086e-008,8.142654e-008
3.548133892335703e+003,9.117893e-008,8.142654e-008
3.630780547700960e+003,9.117706e-008,8.142654e-008
3.715352290971671e+003,9.117525e-008,8.142654e-008
3.801893963205556e+003,9.117351e-008,8.142654e-008
3.890451449942748e+003,9.117183e-008,8.142654e-008
3.981071705534913e+003,9.117022e-008,8.142654e-008
4.073802778041067e+003,9.116867e-008,8.142654e-008
4.168693834703292e+003,9.116719e-008,8.142654e-008
4.265795188015863e+003,9.116576e-008,8.142654e-008
4.365158322401594e+003,9.116439e-008,8.142654e-008
4.466835921509563e+003,9.116309e-008,8.142654e-008
4.570881896148680e+003,9.116184e-008,8.142654e-008
4.677351412871911e+003,9.116066e-008,8.142654e-008
4.786300923226310e+003,9.115954e-008,8.142654e-008
4.897788193684387e+003,9.115847e-008,8.142654e-008
5.011872336272646e+003,9.115746e-008,8.142654e-008
5.128613839913570e+003,9.115652e-008,8.142654e-008
5.248074602497645e+003,9.115563e-008,8.142654e-008
5.370317963702444e+003,9.115480e-008,8.142654e-008
5.495408738576160e+003,9.115403e-008,8.142654e-008
5.623413251903404e+003,9.115332e-008,8.142654e-008
5.754399373371480e+003,9.115267e-008,8.142654e-008
5.888436553555798e+003,9.115208e-008,8.142654e-008
6.025595860743483e+003,9.115156e-008,8.142654e-008
6.165950018614725e+003,9.115109e-008,8.142654e-008
6.309573444801834e+003,9.115067e-008,8.142654e-008
6.456542290346454e+003,9.115033e-008,8.142654e-008
6.606934480075856e+003,9.115005e-008,8.142654e-008
6.760829753919711e+003,9.114983e-008,8.142654e-008
6.918309709189256e+003,9.114967e-008,8.142654e-008
7.079457843841267e+003,9.114957e-008,8.142654e-008
7.244359600749786e+003,9.114954e-008,8.142654e-008
7.413102413009058e+003,9.114958e-008,8.142654e-008
7.585775750291718e+003,9.114969e-008,8.142654e-008
7.762471166286794e+003,9.114986e-008,8.142654e-008
7.943282347242689e+003,9.115010e-008,8.142654e-008
8.128305161640863e+003,9.115040e-008,8.142654e-008
8.317637711026577e+003,9.115079e-008,8.142654e-008
8.511380382023628e+003,9.115124e-008,8.142654e-008
8.709635899560666e+003,9.115178e-008,8.142654e-008
8.912509381337311e+003,9.115238e-008,8.142654e-008
9.120108393558950e+003,9.115306e-008,8.142654e-008
9.332543007969760e+003,9.115382e-008,8.142654e-008
9.549925860214205e+003,9.115467e-008,8.142654e-008
9.772372209557949e+003,9.115560e-008,8.142654e-008
9.999999999999838e+003,9.115661e-008,8.142654e-008
1.023292992280738e+004,9.115771e-008,8.142654e-008
1.047128548050883e+004,9.115890e-008,8.142654e-008
1.071519305237589e+004,9.116018e-008,8.142654e-008
1.096478196143167e+004,9.116157e-008,8.142654e-008
1.122018454301945e+004,9.116305e-008,8.142654e-008
1.148153621496864e+004,9.116462e-008,8.142654e-008
1.174897554939510e+004,9.116631e-008,8.142654e-008
1.202264434617393e+004,9.116810e-008,8.142654e-008
1.230268770812361e+004,9.117000e-008,8.142654e-008
1.258925411794147e+004,9.117202e-008,8.142654e-008
1.288249551693113e+004,9.117415e-008,8.142654e-008
1.318256738556385e+004,9.117641e-008,8.142654e-008
1.348962882591631e+004,9.117880e-008,8.142654e-008
1.380384264602862e+004,9.118132e-008,8.142654e-008
1.412537544622731e+004,9.118397e-008,8.142654e-008
1.445439770745904e+004,9.118676e-008,8.142654e-008
1.479108388168183e+004,9.118970e-008,8.142654e-008
1.513561248436183e+004,9.119280e-008,8.142654e-008
1.548816618912456e+004,9.119604e-008,8.142654e-008
1.584893192461087e+004,9.119945e-008,8.142654e-008
1.621810097358903e+004,9.120303e-008,8.142654e-008
1.659586907437533e+004,9.120679e-008,8.142654e-008
1.698243652461716e+004,9.121073e-008,8.142654e-008
1.737800828749346e+004,9.121486e-008,8.142654e-008
1.778279410038893e+004,9.121918e-008,8.142654e-008
1.819700858609953e+004,9.122371e-008,8.142654e-008
1.862087136662836e+004,9.122845e-008,8.142654e-008
1.905460717963215e+004,9.123341e-008,8.142654e-008
1.949844599758012e+004,9.123860e-008,8.142653e-008
1.995262314968846e+004,9.124403e-008,8.142653e-008
2.041737944669495e+004,9.124972e-008,8.142653e-008
2.089296130854004e+004,9.125566e-008,8.142653e-008
2.137962089502196e+004,9.126187e-008,8.142653e-008
2.187761623949515e+004,9.126835e-008,8.142653e-008
2.238721138568302e+004,9.127514e-008,8.142653e-008
2.290867652767734e+004,9.128223e-008,8.142653e-008
2.344228815319882e+004,9.128964e-008,8.142653e-008
2.398832919019449e+004,9.129738e-008,8.142653e-008
2.454708915684988e+004,9.130546e-008,8.142653e-008
2.511886431509537e+004,9.131391e-008,8.142653e-008
2.570395782768820e+004,9.132273e-008,8.142653e-008
2.630267991895336e+004,9.133194e-008,8.142653e-008
2.691534803926869e+004,9.134156e-008,8.142653e-008
2.754228703338119e+004,9.135160e-008,8.142653e-008
2.818382931264405e+004,9.136210e-008,8.142653e-008
2.884031503126556e+004,9.137305e-008,8.142653e-008
2.951209226666335e+004,9.138449e-008,8.142653e-008
3.019951720401964e+004,9.139643e-008,8.142653e-008
3.090295432513537e+004,9.140890e-008,8.142653e-008
3.162277660168324e+004,9.142192e-008,8.142653e-008
3.235936569296226e+004,9.143551e-008,8.142653e-008
3.311311214825853e+004,9.144970e-008,8.142653e-008
3.388441561391966e+004,9.146451e-008,8.142653e-008
3.467368504525255e+004,9.147998e-008,8.142653e-008
3.548133892335692e+004,9.149613e-008,8.142653e-008
3.630780547700949e+004,9.151299e-008,8.142653e-008
3.715352290971659e+004,9.153060e-008,8.142653e-008
3.801893963205544e+004,9.154898e-008,8.142652e-008
3.890451449942737e+004,9.156817e-008,8.142652e-008
3.981071705534901e+004,9.158821e-008,8.142652e-008
4.073802778041054e+004,9.160912e-008,8.142652e-008
4.168693834703279e+004,9.163097e-008,8.142652e-008
4.265795188015849e+004,9.165377e-008,8.142651e-008
4.365158322401581e+004,9.167758e-008,8.142651e-008
4.466835921509550e+004,9.170245e-008,8.142651e-008
4.570881896148667e+004,9.172841e-008,8.142651e-008
4.677351412871897e+004,9.175552e-008,8.142651e-008
4.786300923226296e+004,9.178383e-008,8.142651e-008
4.897788193684373e+004,9.181339e-008,8.142651e-008
5.011872336272631e+004,9.184426e-008,8.142651e-008
5.128613839913555e+004,9.187649e-008,8.142650e-008
5.248074602497630e+004,9.191016e-008,8.142650e-008
5.370317963702428e+004,9.194531e-008,8.142650e-008
5.495408738576144e+004,9.198202e-008,8.142649e-008
5.623413251903386e+004,9.202036e-008,8.142649e-008
5.754399373371462e+004,9.206040e-008,8.142649e-008
5.888436553555779e+004,9.210223e-008,8.142649e-008
6.025595860743464e+004,9.214590e-008,8.142649e-008
6.165950018614706e+004,9.219151e-008,8.142648e-008
6.309573444801814e+004,9.223915e-008,8.142648e-008
6.456542290346434e+004,9.228891e-008,8.142647e-008
6.606934480075835e+004,9.234088e-008,8.142647e-008
6.760829753919689e+004,9.239516e-008,8.142646e-008
6.918309709189233e+004,9.245185e-008,8.142646e-008
7.079457843841244e+004,9.251107e-008,8.142646e-008
7.244359600749762e+004,9.257291e-008,8.142645e-008
7.413102413009033e+004,9.263751e-008,8.142645e-008
7.585775750291692e+004,9.270499e-008,8.142644e-008
7.762471166286769e+004,9.277547e-008,8.142644e-008
7.943282347242662e+004,9.284907e-008,8.142643e-008
8.128305161640835e+004,9.292596e-008,8.142643e-008
8.317637711026549e+004,9.300626e-008,8.142642e-008
8.511380382023599e+004,9.309014e-008,8.142641e-008
8.709635899560637e+004,9.317775e-008,8.142641e-008
8.912509381337282e+004,9.326926e-008,8.142640e-008
9.120108393558920e+004,9.336483e-008,8.142639e-008
9.332543007969728e+004,9.346465e-008,8.142639e-008
9.549925860214172e+004,9.356891e-008,8.142638e-008
9.772372209557916e+004,9.367778e-008,8.142636e-008
9.999999999999804e+004,9.379150e-008,8.142636e-008
1.023292992280734e+005,9.391026e-008,8.142635e-008
1.047128548050879e+005,9.403428e-008,8.142634e-008
1.071519305237585e+005,9.416380e-008,8.142633e-008
1.096478196143163e+005,9.429905e-008,8.142631e-008
1.122018454301941e+005,9.444030e-008,8.142631e-008
1.148153621496860e+005,9.458777e-008,8.142629e-008
1.174897554939506e+005,9.474176e-008,8.142628e-008
1.202264434617389e+005,9.490255e-008,8.142626e-008
1.230268770812357e+005,9.507041e-008,8.142625e-008
1.258925411794142e+005,9.524567e-008,8.142624e-008
1.288249551693108e+005,9.542863e-008,8.142622e-008
1.318256738556380e+005,9.561963e-008,8.142621e-008
1.348962882591626e+005,9.581899e-008,8.142619e-008
1.380384264602857e+005,9.602709e-008,8.142617e-008
1.412537544622725e+005,9.624428e-008,8.142615e-008
1.445439770745898e+005,9.647095e-008,8.142613e-008
1.479108388168177e+005,9.670749e-008,8.142611e-008
1.513561248436177e+005,9.695432e-008,8.142609e-008
1.548816618912449e+005,9.721185e-008,8.142607e-008
1.584893192461081e+005,9.748054e-008,8.142604e-008
1.621810097358896e+005,9.776085e-008,8.142602e-008
1.659586907437526e+005,9.805323e-008,8.142599e-008
1.698243652461709e+005,9.835820e-008,8.142596e-008
1.737800828749339e+005,9.867625e-008,8.142593e-008
1.778279410038886e+005,9.900791e-008,8.142590e-008
1.819700858609946e+005,9.935372e-008,8.142586e-008
1.862087136662829e+005,9.971425e-008,8.142582e-008
1.905460717963207e+005,1.000901e-007,8.142579e-008
1.949844599758005e+005,1.004818e-007,8.142575e-008
1.995262314968838e+005,1.008901e-007,8.142571e-008
2.041737944669486e+005,1.013155e-007,8.142566e-008
2.089296130853995e+005,1.017587e-007,8.142562e-008
2.137962089502187e+005,1.022204e-007,8.142557e-008
2.187761623949506e+005,1.027013e-007,8.142552e-008
2.238721138568292e+005,1.032022e-007,8.142546e-008
2.290867652767724e+005,1.037237e-007,8.142541e-008
2.344228815319872e+005,1.042666e-007,8.142534e-008
2.398832919019439e+005,1.048317e-007,8.142528e-008
2.454708915684978e+005,1.054198e-007,8.142521e-008
2.511886431509526e+005,1.060318e-007,8.142514e-008
2.570395782768809e+005,1.066685e-007,8.142506e-008
2.630267991895325e+005,1.073307e-007,8.142498e-008
2.691534803926857e+005,1.080194e-007,8.142489e-008
2.754228703338107e+005,1.087355e-007,8.142480e-008
2.818382931264393e+005,1.094799e-007,8.142470e-008
2.884031503126543e+005,1.102536e-007,8.142460e-008
2.951209226666322e+005,1.110575e-007,8.142449e-008
3.019951720401950e+005,1.118927e-007,8.142437e-008
3.090295432513523e+005,1.127602e-007,8.142425e-008
3.162277660168310e+005,1.136610e-007,8.142412e-008
3.235936569296212e+005,1.145962e-007,8.142398e-008
3.311311214825838e+005,1.155669e-007,8.142383e-008
3.388441561391951e+005,1.165742e-007,8.142367e-008
3.467368504525240e+005,1.176192e-007,8.142350e-008
3.548133892335676e+005,1.187032e-007,8.142332e-008
3.630780547700933e+005,1.198272e-007,8.142313e-008
3.715352290971643e+005,1.209925e-007,8.142293e-008
3.801893963205527e+005,1.222003e-007,8.142271e-008
3.890451449942719e+005,1.234519e-007,8.142247e-008
3.981071705534884e+005,1.247484e-007,8.142222e-008
4.073802778041036e+005,1.260912e-007,8.142196e-008
4.168693834703261e+005,1.274815e-007,8.142167e-008
4.265795188015831e+005,1.289207e-007,8.142137e-008
4.365158322401562e+005,1.304102e-007,8.142104e-008
4.466835921509531e+005,1.319513e-007,8.142069e-008
4.570881896148648e+005,1.335453e-007,8.142031e-008
4.677351412871877e+005,1.351937e-007,8.141991e-008
4.786300923226276e+005,1.368979e-007,8.141947e-008
4.897788193684352e+005,1.386594e-007,8.141901e-008
5.011872336272610e+005,1.404795e-007,8.141851e-008
5.128613839913533e+005,1.423598e-007,8.141797e-008
5.248074602497608e+005,1.443018e-007,8.141740e-008
5.370317963702406e+005,1.463070e-007,8.141677e-008
5.495408738576121e+005,1.483770e-007,8.141610e-008
5.623413251903363e+005,1.505132e-007,8.141539e-008
5.754399373371438e+005,1.527174e-007,8.141461e-008
5.888436553555755e+005,1.549911e-007,8.141377e-008
6.025595860743440e+005,1.573359e-007,8.141287e-008
6.165950018614681e+005,1.597536e-007,8.141190e-008
6.309573444801788e+005,1.622458e-007,8.141085e-008
6.456542290346407e+005,1.648141e-007,8.140971e-008
6.606934480075808e+005,1.674604e-007,8.140848e-008
6.760829753919662e+005,1.701864e-007,8.140715e-008
6.918309709189205e+005,1.729938e-007,8.140572e-008
7.079457843841215e+005,1.758845e-007,8.140416e-008
7.244359600749733e+005,1.788603e-007,8.140248e-008
7.413102413009004e+005,1.819231e-007,8.140066e-008
7.585775750291662e+005,1.850748e-007,8.139868e-008
7.762471166286737e+005,1.883173e-007,8.139654e-008
7.943282347242631e+005,1.916525e-007,8.139422e-008
8.128305161640804e+005,1.950824e-007,8.139170e-008
8.317637711026516e+005,1.986091e-007,8.138897e-008
8.511380382023566e+005,2.022345e-007,8.138601e-008
8.709635899560602e+005,2.059609e-007,8.138279e-008
8.912509381337245e+005,2.097901e-007,8.137929e-008
9.120108393558882e+005,2.137245e-007,8.137549e-008
9.332543007969690e+005,2.177661e-007,8.137136e-008
9.549925860214133e+005,2.219172e-007,8.136687e-008
9.772372209557875e+005,2.261800e-007,8.136198e-008
9.999999999999763e+005,2.305568e-007,8.135667e-008
1.023292992280730e+006,2.350498e-007,8.135088e-008
1.047128548050875e+006,2.396614e-007,8.134460e-008
1.071519305237581e+006,2.443939e-007,8.133774e-008
1.096478196143159e+006,2.492497e-007,8.133028e-008
1.122018454301937e+006,2.542311e-007,8.132215e-008
1.148153621496855e+006,2.593408e-007,8.131329e-008
1.174897554939502e+006,2.645809e-007,8.130364e-008
1.202264434617384e+006,2.699541e-007,8.129312e-008
1.230268770812352e+006,2.754628e-007,8.128165e-008
1.258925411794137e+006,2.811094e-007,8.126914e-008
1.288249551693103e+006,2.868964e-007,8.125551e-008
1.318256738556376e+006,2.928264e-007,8.124063e-008
1.348962882591621e+006,2.989017e-007,8.122441e-008
1.380384264602852e+006,3.051249e-007,8.120670e-008
1.412537544622720e+006,3.114983e-007,8.118738e-008
1.445439770745893e+006,3.180243e-007,8.116631e-008
1.479108388168172e+006,3.247054e-007,8.114330e-008
1.513561248436171e+006,3.315437e-007,8.111819e-008
1.548816618912444e+006,3.385415e-007,8.109077e-008
1.584893192461075e+006,3.457008e-007,8.106085e-008
1.621810097358890e+006,3.530237e-007,8.102819e-008
1.659586907437520e+006,3.605121e-007,8.099254e-008
1.698243652461703e+006,3.681677e-007,8.095360e-008
1.737800828749333e+006,3.759919e-007,8.091111e-008
1.778279410038879e+006,3.839862e-007,8.086472e-008
1.819700858609939e+006,3.921517e-007,8.081407e-008
1.862087136662822e+006,4.004892e-007,8.075879e-008
1.905460717963201e+006,4.089992e-007,8.069844e-008
1.949844599757998e+006,4.176819e-007,8.063259e-008
1.995262314968831e+006,4.265370e-007,8.056072e-008
2.041737944669479e+006,4.355638e-007,8.048230e-008
2.089296130853988e+006,4.447611e-007,8.039675e-008
2.137962089502180e+006,4.541272e-007,8.030344e-008
2.187761623949499e+006,4.636596e-007,8.020169e-008
2.238721138568285e+006,4.733553e-007,8.009076e-008
2.290867652767716e+006,4.832102e-007,7.996987e-008
2.344228815319864e+006,4.932197e-007,7.983814e-008
2.398832919019431e+006,5.033778e-007,7.969467e-008
2.454708915684969e+006,5.136778e-007,7.953848e-008
2.511886431509518e+006,5.241117e-007,7.936850e-008
2.570395782768800e+006,5.346703e-007,7.918364e-008
2.630267991895317e+006,5.453427e-007,7.898266e-008
2.691534803926849e+006,5.561170e-007,7.876431e-008
2.754228703338098e+006,5.669792e-007,7.852725e-008
2.818382931264383e+006,5.779139e-007,7.827005e-008
2.884031503126534e+006,5.889037e-007,7.799121e-008
2.951209226666312e+006,5.999293e-007,7.768919e-008
3.019951720401940e+006,6.109693e-007,7.736234e-008
3.090295432513513e+006,6.220001e-007,7.700900e-008
3.162277660168300e+006,6.329960e-007,7.662742e-008
3.235936569296201e+006,6.439289e-007,7.621582e-008
3.311311214825827e+006,6.547685e-007,7.577241e-008
3.388441561391939e+006,6.654821e-007,7.529538e-008
3.467368504525228e+006,6.760349e-007,7.478292e-008
3.548133892335665e+006,6.863897e-007,7.423327e-008
3.630780547700921e+006,6.965075e-007,7.364470e-008
3.715352290971631e+006,7.063472e-007,7.301557e-008
3.801893963205515e+006,7.158663e-007,7.234436e-008
3.890451449942707e+006,7.250209e-007,7.162968e-008
3.981071705534871e+006,7.337662e-007,7.087031e-008
4.073802778041023e+006,7.420571e-007,7.006524e-008
4.168693834703247e+006,7.498481e-007,6.921373e-008
4.265795188015817e+006,7.570947e-007,6.831527e-008
4.365158322401547e+006,7.637532e-007,6.736970e-008
4.466835921509516e+006,7.697819e-007,6.637716e-008
4.570881896148631e+006,7.751416e-007,6.533818e-008
4.677351412871860e+006,7.797960e-007,6.425364e-008
4.786300923226259e+006,7.837126e-007,6.312483e-008
4.897788193684334e+006,7.868632e-007,6.195344e-008
5.011872336272592e+006,7.892245e-007,6.074153e-008
5.128613839913514e+006,7.907785e-007,5.949155e-008
5.248074602497589e+006,7.915127e-007,5.820631e-008
5.370317963702387e+006,7.914209e-007,5.688897e-008
5.495408738576102e+006,7.905026e-007,5.554294e-008
5.623413251903344e+006,7.887635e-007,5.417192e-008
5.754399373371419e+006,7.862154e-007,5.277980e-008
5.888436553555735e+006,7.828757e-007,5.137060e-008
6.025595860743419e+006,7.787671e-007,4.994847e-008
6.165950018614660e+006,7.739172e-007,4.851758e-008
6.309573444801766e+006,7.683583e-007,4.708208e-008
6.456542290346385e+006,7.621263e-007,4.564606e-008
6.606934480075786e+006,7.552601e-007,4.421350e-008
6.760829753919640e+006,7.478016e-007,4.278821e-008
6.918309709189182e+006,7.397940e-007,4.137381e-008
7.079457843841192e+006,7.312822e-007,3.997369e-008
7.244359600749710e+006,7.223115e-007,3.859100e-008
7.413102413008980e+006,7.129274e-007,3.722861e-008
7.585775750291637e+006,7.031750e-007,3.588911e-008
7.762471166286712e+006,6.930982e-007,3.457480e-008
7.943282347242604e+006,6.827400e-007,3.328771e-008
8.128305161640776e+006,6.721417e-007,3.202955e-008
8.317637711026489e+006,6.613427e-007,3.080180e-008
8.511380382023538e+006,6.503803e-007,2.960565e-008
8.709635899560574e+006,6.392898e-007,2.844204e-008
8.912509381337218e+006,6.281041e-007,2.731169e-008
9.120108393558854e+006,6.168539e-007,2.621509e-008
9.332543007969661e+006,6.055673e-007,2.515254e-008
9.549925860214103e+006,5.942704e-007,2.412417e-008
9.772372209557844e+006,5.829869e-007,2.312992e-008
9.999999999999732e+006,5.717383e-007,2.216962e-008
1.023292992280727e+007,5.605441e-007,2.124295e-008
1.047128548050872e+007,5.494217e-007,2.034948e-008
1.071519305237578e+007,5.383867e-007,1.948870e-008
1.096478196143156e+007,5.274529e-007,1.866001e-008
1.122018454301933e+007,5.166324e-007,1.786274e-008
1.148153621496852e+007,5.059360e-007,1.709617e-008
1.174897554939498e+007,4.953727e-007,1.635954e-008
1.202264434617380e+007,4.849506e-007,1.565204e-008
1.230268770812348e+007,4.746765e-007,1.497284e-008
1.258925411794133e+007,4.645559e-007,1.432110e-008
1.288249551693099e+007,4.545935e-007,1.369596e-008
1.318256738556371e+007,4.447932e-007,1.309656e-008
1.348962882591617e+007,4.351578e-007,1.252202e-008
1.380384264602847e+007,4.256898e-007,1.197150e-008
1.412537544622716e+007,4.163906e-007,1.144413e-008
1.445439770745888e+007,4.072613e-007,1.093908e-008
1.479108388168167e+007,3.983025e-007,1.045552e-008
1.513561248436167e+007,3.895142e-007,9.992625e-009
1.548816618912439e+007,3.808960e-007,9.549613e-009
1.584893192461070e+007,3.724474e-007,9.125703e-009
1.621810097358885e+007,3.641672e-007,8.720141e-009
1.659586907437515e+007,3.560541e-007,8.332192e-009
1.698243652461698e+007,3.481067e-007,7.961144e-009
1.737800828749327e+007,3.403233e-007,7.606305e-009
1.778279410038874e+007,3.327019e-007,7.267008e-009
1.819700858609933e+007,3.252405e-007,6.942608e-009
1.862087136662816e+007,3.179369e-007,6.632480e-009
1.905460717963195e+007,3.107888e-007,6.336023e-009
1.949844599757991e+007,3.037939e-007,6.052659e-009
1.995262314968824e+007,2.969497e-007,5.781828e-009
2.041737944669473e+007,2.902538e-007,5.522996e-009
2.089296130853982e+007,2.837035e-007,5.275645e-009
2.137962089502173e+007,2.772963e-007,5.039280e-009
2.187761623949492e+007,2.710296e-007,4.813425e-009
2.238721138568277e+007,2.649009e-007,4.597623e-009
2.290867652767709e+007,2.589074e-007,4.391436e-009
2.344228815319857e+007,2.530467e-007,4.194443e-009
2.398832919019423e+007,2.473160e-007,4.006241e-009
2.454708915684962e+007,2.417129e-007,3.826444e-009
2.511886431509510e+007,2.362346e-007,3.654682e-009
2.570395782768792e+007,2.308788e-007,3.490600e-009
2.630267991895308e+007,2.256429e-007,3.333859e-009
2.691534803926840e+007,2.205243e-007,3.184134e-009
2.754228703338089e+007,2.155207e-007,3.041114e-009
2.818382931264374e+007,2.106295e-007,2.904501e-009
2.884031503126525e+007,2.058485e-007,2.774011e-009
2.951209226666303e+007,2.011752e-007,2.649372e-009
3.019951720401931e+007,1.966073e-007,2.530323e-009
3.090295432513503e+007,1.921426e-007,2.416614e-009
3.162277660168290e+007,1.877787e-007,2.308008e-009
3.235936569296191e+007,1.835136e-007,2.204276e-009
3.311311214825817e+007,1.793450e-007,2.105201e-009
3.388441561391930e+007,1.752709e-007,2.010576e-009
3.467368504525218e+007,1.712890e-007,1.920200e-009
3.548133892335654e+007,1.673975e-007,1.833884e-009
3.630780547700910e+007,1.635943e-007,1.751445e-009
3.715352290971620e+007,1.598773e-007,1.672711e-009
3.801893963205504e+007,1.562448e-007,1.597515e-009
3.890451449942695e+007,1.526949e-007,1.525699e-009
3.981071705534859e+007,1.492255e-007,1.457111e-009
4.073802778041011e+007,1.458351e-007,1.391607e-009
4.168693834703235e+007,1.425218e-007,1.329047e-009
4.265795188015805e+007,1.392839e-007,1.269300e-009
4.365158322401536e+007,1.361196e-007,1.212240e-009
4.466835921509504e+007,1.330274e-007,1.157745e-009
4.570881896148621e+007,1.300056e-007,1.105702e-009
4.677351412871849e+007,1.270526e-007,1.055999e-009
4.786300923226247e+007,1.241668e-007,1.008531e-009
4.897788193684322e+007,1.213468e-007,9.631990e-010
5.011872336272580e+007,1.185911e-007,9.199056e-010
5.128613839913502e+007,1.158982e-007,8.785598e-010
5.248074602497576e+007,1.132667e-007,8.390739e-010
5.370317963702374e+007,1.106952e-007,8.013643e-010
5.495408738576088e+007,1.081824e-007,7.653512e-010
5.623413251903330e+007,1.057268e-007,7.309583e-010
5.754399373371404e+007,1.033273e-007,6.981128e-010
5.888436553555721e+007,1.009826e-007,6.667450e-010
6.025595860743405e+007,9.869135e-008,6.367886e-010
6.165950018614645e+007,9.645243e-008,6.081800e-010
6.309573444801751e+007,9.426464e-008,5.808586e-010
6.456542290346369e+007,9.212680e-008,5.547666e-010
6.606934480075770e+007,9.003780e-008,5.298486e-010
6.760829753919622e+007,8.799653e-008,5.060517e-010
6.918309709189165e+007,8.600190e-008,4.833257e-010
7.079457843841174e+007,8.405286e-008,4.616223e-010
7.244359600749691e+007,8.214838e-008,4.408954e-010
7.413102413008960e+007,8.028744e-008,4.211012e-010
7.585775750291617e+007,7.846905e-008,4.021978e-010
7.762471166286692e+007,7.669227e-008,3.841449e-010
7.943282347242585e+007,7.495613e-008,3.669044e-010
8.128305161640757e+007,7.325973e-008,3.504396e-010
8.317637711026469e+007,7.160217e-008,3.347158e-010
8.511380382023518e+007,6.998255e-008,3.196995e-010
8.709635899560553e+007,6.840003e-008,3.053589e-010
8.912509381337196e+007,6.685376e-008,2.916636e-010
9.120108393558832e+007,6.534292e-008,2.785845e-010
9.332543007969639e+007,6.386670e-008,2.660940e-010
9.549925860214081e+007,6.242433e-008,2.541655e-010
9.772372209557822e+007,6.101505e-008,2.427737e-010
1.000000000000000e+008,5.963809e-008,2.318945e-010
