frequency	V(onoise)	V(r1)	V(rl)
1.000000000000000e+000	8.243900e-007	8.142745e-007	1.287481e-007
1.023292992280754e+000	8.243900e-007	8.142745e-007	1.287481e-007
1.047128548050899e+000	8.243900e-007	8.142744e-007	1.287481e-007
1.071519305237606e+000	8.243900e-007	8.142744e-007	1.287481e-007
1.096478196143185e+000	8.243900e-007	8.142744e-007	1.287481e-007
1.122018454301963e+000	8.243900e-007	8.142744e-007	1.287481e-007
1.148153621496882e+000	8.243899e-007	8.142744e-007	1.287481e-007
1.174897554939529e+000	8.243899e-007	8.142744e-007	1.287481e-007
1.202264434617413e+000	8.243899e-007	8.142743e-007	1.287481e-007
1.230268770812381e+000	8.243899e-007	8.142743e-007	1.287481e-007
1.258925411794167e+000	8.243899e-007	8.142742e-007	1.287481e-007
1.288249551693134e+000	8.243898e-007	8.142742e-007	1.287481e-007
1.318256738556407e+000	8.243898e-007	8.142742e-007	1.287481e-007
1.348962882591653e+000	8.243898e-007	8.142742e-007	1.287481e-007
1.380384264602885e+000	8.243898e-007	8.142741e-007	1.287480e-007
1.412537544622754e+000	8.243897e-007	8.142741e-007	1.287480e-007
1.445439770745927e+000	8.243896e-007	8.142741e-007	1.287480e-007
1.479108388168207e+000	8.243896e-007	8.142740e-007	1.287480e-007
1.513561248436208e+000	8.243896e-007	8.142740e-007	1.287480e-007
1.548816618912481e+000	8.243895e-007	8.142740e-007	1.287480e-007
1.584893192461113e+000	8.243895e-007	8.142739e-007	1.287480e-007
1.621810097358929e+000	8.243895e-007	8.142739e-007	1.287480e-007
1.659586907437560e+000	8.243894e-007	8.142738e-007	1.287480e-007
1.698243652461744e+000	8.243894e-007	8.142738e-007	1.287480e-007
1.737800828749375e+000	8.243893e-007	8.142737e-007	1.287480e-007
1.778279410038922e+000	8.243893e-007	8.142737e-007	1.287480e-007
1.819700858609982e+000	8.243892e-007	8.142736e-007	1.287480e-007
1.862087136662866e+000	8.243892e-007	8.142736e-007	1.287480e-007
1.905460717963246e+000	8.243891e-007	8.142735e-007	1.287479e-007
1.949844599758044e+000	8.243890e-007	8.142734e-007	1.287479e-007
1.995262314968878e+000	8.243890e-007	8.142734e-007	1.287479e-007
2.041737944669527e+000	8.243889e-007	8.142733e-007	1.287479e-007
2.089296130854037e+000	8.243888e-007	8.142733e-007	1.287479e-007
2.137962089502230e+000	8.243887e-007	8.142732e-007	1.287479e-007
2.187761623949550e+000	8.243887e-007	8.142731e-007	1.287479e-007
2.238721138568337e+000	8.243886e-007	8.142730e-007	1.287479e-007
2.290867652767771e+000	8.243885e-007	8.142729e-007	1.287479e-007
2.344228815319919e+000	8.243884e-007	8.142728e-007	1.287478e-007
2.398832919019488e+000	8.243883e-007	8.142728e-007	1.287478e-007
2.454708915685028e+000	8.243882e-007	8.142727e-007	1.287478e-007
2.511886431509577e+000	8.243881e-007	8.142725e-007	1.287478e-007
2.570395782768860e+000	8.243880e-007	8.142724e-007	1.287478e-007
2.630267991895378e+000	8.243879e-007	8.142723e-007	1.287478e-007
2.691534803926912e+000	8.243878e-007	8.142722e-007	1.287477e-007
2.754228703338163e+000	8.243877e-007	8.142721e-007	1.287477e-007
2.818382931264450e+000	8.243875e-007	8.142720e-007	1.287477e-007
2.884031503126602e+000	8.243874e-007	8.142718e-007	1.287477e-007
2.951209226666381e+000	8.243873e-007	8.142717e-007	1.287477e-007
3.019951720402012e+000	8.243871e-007	8.142715e-007	1.287476e-007
3.090295432513586e+000	8.243869e-007	8.142714e-007	1.287476e-007
3.162277660168374e+000	8.243867e-007	8.142712e-007	1.287476e-007
3.235936569296277e+000	8.243866e-007	8.142711e-007	1.287476e-007
3.311311214825905e+000	8.243864e-007	8.142709e-007	1.287475e-007
3.388441561392020e+000	8.243862e-007	8.142707e-007	1.287475e-007
3.467368504525310e+000	8.243860e-007	8.142705e-007	1.287475e-007
3.548133892335748e+000	8.243858e-007	8.142703e-007	1.287474e-007
3.630780547701007e+000	8.243856e-007	8.142700e-007	1.287474e-007
3.715352290971719e+000	8.243854e-007	8.142698e-007	1.287474e-007
3.801893963205605e+000	8.243852e-007	8.142696e-007	1.287473e-007
3.890451449942799e+000	8.243849e-007	8.142694e-007	1.287473e-007
3.981071705534965e+000	8.243846e-007	8.142691e-007	1.287472e-007
4.073802778041119e+000	8.243844e-007	8.142688e-007	1.287472e-007
4.168693834703346e+000	8.243841e-007	8.142686e-007	1.287472e-007
4.265795188015918e+000	8.243838e-007	8.142683e-007	1.287471e-007
4.365158322401651e+000	8.243834e-007	8.142679e-007	1.287471e-007
4.466835921509622e+000	8.243831e-007	8.142676e-007	1.287470e-007
4.570881896148741e+000	8.243828e-007	8.142673e-007	1.287470e-007
4.677351412871972e+000	8.243824e-007	8.142669e-007	1.287469e-007
4.786300923226373e+000	8.243820e-007	8.142666e-007	1.287468e-007
4.897788193684452e+000	8.243816e-007	8.142662e-007	1.287468e-007
5.011872336272712e+000	8.243812e-007	8.142658e-007	1.287467e-007
5.128613839913638e+000	8.243808e-007	8.142653e-007	1.287466e-007
5.248074602497715e+000	8.243803e-007	8.142649e-007	1.287466e-007
5.370317963702516e+000	8.243799e-007	8.142644e-007	1.287465e-007
5.495408738576233e+000	8.243794e-007	8.142639e-007	1.287464e-007
5.623413251903478e+000	8.243788e-007	8.142634e-007	1.287464e-007
5.754399373371556e+000	8.243783e-007	8.142629e-007	1.287463e-007
5.888436553555876e+000	8.243778e-007	8.142623e-007	1.287462e-007
6.025595860743564e+000	8.243771e-007	8.142617e-007	1.287461e-007
6.165950018614807e+000	8.243765e-007	8.142611e-007	1.287460e-007
6.309573444801917e+000	8.243758e-007	8.142604e-007	1.287459e-007
6.456542290346540e+000	8.243751e-007	8.142597e-007	1.287458e-007
6.606934480075944e+000	8.243745e-007	8.142591e-007	1.287457e-007
6.760829753919802e+000	8.243737e-007	8.142583e-007	1.287455e-007
6.918309709189348e+000	8.243729e-007	8.142575e-007	1.287454e-007
7.079457843841362e+000	8.243721e-007	8.142567e-007	1.287453e-007
7.244359600749883e+000	8.243712e-007	8.142558e-007	1.287452e-007
7.413102413009157e+000	8.243703e-007	8.142550e-007	1.287450e-007
7.585775750291819e+000	8.243694e-007	8.142540e-007	1.287449e-007
7.762471166286898e+000	8.243684e-007	8.142530e-007	1.287447e-007
7.943282347242795e+000	8.243673e-007	8.142520e-007	1.287445e-007
8.128305161640972e+000	8.243662e-007	8.142509e-007	1.287444e-007
8.317637711026690e+000	8.243651e-007	8.142498e-007	1.287442e-007
8.511380382023743e+000	8.243639e-007	8.142486e-007	1.287440e-007
8.709635899560784e+000	8.243626e-007	8.142474e-007	1.287438e-007
8.912509381337431e+000	8.243613e-007	8.142461e-007	1.287436e-007
9.120108393559072e+000	8.243600e-007	8.142447e-007	1.287434e-007
9.332543007969884e+000	8.243586e-007	8.142433e-007	1.287432e-007
9.549925860214332e+000	8.243570e-007	8.142418e-007	1.287429e-007
9.772372209558078e+000	8.243555e-007	8.142403e-007	1.287427e-007
9.999999999999970e+000	8.243538e-007	8.142387e-007	1.287424e-007
1.023292992280751e+001	8.243521e-007	8.142370e-007	1.287422e-007
1.047128548050896e+001	8.243503e-007	8.142352e-007	1.287419e-007
1.071519305237603e+001	8.243484e-007	8.142333e-007	1.287416e-007
1.096478196143182e+001	8.243464e-007	8.142313e-007	1.287413e-007
1.122018454301960e+001	8.243443e-007	8.142293e-007	1.287410e-007
1.148153621496879e+001	8.243422e-007	8.142272e-007	1.287406e-007
1.174897554939526e+001	8.243399e-007	8.142249e-007	1.287403e-007
1.202264434617409e+001	8.243375e-007	8.142226e-007	1.287399e-007
1.230268770812378e+001	8.243350e-007	8.142201e-007	1.287395e-007
1.258925411794163e+001	8.243324e-007	8.142175e-007	1.287391e-007
1.288249551693130e+001	8.243297e-007	8.142148e-007	1.287387e-007
1.318256738556403e+001	8.243268e-007	8.142120e-007	1.287382e-007
1.348962882591649e+001	8.243238e-007	8.142090e-007	1.287378e-007
1.380384264602880e+001	8.243207e-007	8.142059e-007	1.287373e-007
1.412537544622749e+001	8.243174e-007	8.142027e-007	1.287367e-007
1.445439770745922e+001	8.243139e-007	8.141993e-007	1.287362e-007
1.479108388168202e+001	8.243103e-007	8.141957e-007	1.287356e-007
1.513561248436203e+001	8.243066e-007	8.141920e-007	1.287351e-007
1.548816618912476e+001	8.243026e-007	8.141881e-007	1.287344e-007
1.584893192461108e+001	8.242985e-007	8.141840e-007	1.287338e-007
1.621810097358924e+001	8.242941e-007	8.141797e-007	1.287331e-007
1.659586907437554e+001	8.242896e-007	8.141752e-007	1.287324e-007
1.698243652461738e+001	8.242849e-007	8.141706e-007	1.287317e-007
1.737800828749369e+001	8.242799e-007	8.141656e-007	1.287309e-007
1.778279410038916e+001	8.242747e-007	8.141605e-007	1.287301e-007
1.819700858609976e+001	8.242692e-007	8.141551e-007	1.287292e-007
1.862087136662860e+001	8.242635e-007	8.141495e-007	1.287283e-007
1.905460717963240e+001	8.242575e-007	8.141436e-007	1.287274e-007
1.949844599758038e+001	8.242513e-007	8.141374e-007	1.287264e-007
1.995262314968872e+001	8.242447e-007	8.141309e-007	1.287254e-007
2.041737944669522e+001	8.242379e-007	8.141241e-007	1.287243e-007
2.089296130854032e+001	8.242307e-007	8.141170e-007	1.287232e-007
2.137962089502224e+001	8.242232e-007	8.141096e-007	1.287220e-007
2.187761623949544e+001	8.242152e-007	8.141018e-007	1.287208e-007
2.238721138568331e+001	8.242070e-007	8.140937e-007	1.287195e-007
2.290867652767764e+001	8.241984e-007	8.140851e-007	1.287182e-007
2.344228815319913e+001	8.241893e-007	8.140761e-007	1.287167e-007
2.398832919019481e+001	8.241798e-007	8.140668e-007	1.287153e-007
2.454708915685020e+001	8.241699e-007	8.140570e-007	1.287137e-007
2.511886431509570e+001	8.241595e-007	8.140468e-007	1.287121e-007
2.570395782768853e+001	8.241486e-007	8.140360e-007	1.287104e-007
2.630267991895371e+001	8.241373e-007	8.140248e-007	1.287086e-007
2.691534803926904e+001	8.241253e-007	8.140130e-007	1.287067e-007
2.754228703338155e+001	8.241128e-007	8.140007e-007	1.287048e-007
2.818382931264442e+001	8.240997e-007	8.139877e-007	1.287028e-007
2.884031503126593e+001	8.240860e-007	8.139742e-007	1.287006e-007
2.951209226666373e+001	8.240717e-007	8.139600e-007	1.286984e-007
3.019951720402003e+001	8.240567e-007	8.139452e-007	1.286960e-007
3.090295432513577e+001	8.240410e-007	8.139297e-007	1.286936e-007
3.162277660168365e+001	8.240245e-007	8.139134e-007	1.286910e-007
3.235936569296268e+001	8.240073e-007	8.138964e-007	1.286883e-007
3.311311214825896e+001	8.239892e-007	8.138786e-007	1.286855e-007
3.388441561392011e+001	8.239704e-007	8.138599e-007	1.286826e-007
3.467368504525301e+001	8.239506e-007	8.138404e-007	1.286795e-007
3.548133892335738e+001	8.239299e-007	8.138200e-007	1.286762e-007
3.630780547700997e+001	8.239082e-007	8.137985e-007	1.286728e-007
3.715352290971708e+001	8.238855e-007	8.137761e-007	1.286693e-007
3.801893963205595e+001	8.238617e-007	8.137526e-007	1.286656e-007
3.890451449942788e+001	8.238368e-007	8.137280e-007	1.286617e-007
3.981071705534954e+001	8.238108e-007	8.137023e-007	1.286576e-007
4.073802778041109e+001	8.237835e-007	8.136753e-007	1.286534e-007
4.168693834703335e+001	8.237549e-007	8.136471e-007	1.286489e-007
4.265795188015907e+001	8.237250e-007	8.136175e-007	1.286442e-007
4.365158322401639e+001	8.236937e-007	8.135866e-007	1.286393e-007
4.466835921509610e+001	8.236609e-007	8.135542e-007	1.286342e-007
4.570881896148729e+001	8.236265e-007	8.135203e-007	1.286289e-007
4.677351412871960e+001	8.235906e-007	8.134848e-007	1.286232e-007
4.786300923226361e+001	8.235529e-007	8.134476e-007	1.286174e-007
4.897788193684438e+001	8.235135e-007	8.134087e-007	1.286112e-007
5.011872336272698e+001	8.234722e-007	8.133679e-007	1.286048e-007
5.128613839913624e+001	8.234291e-007	8.133252e-007	1.285980e-007
5.248074602497700e+001	8.233839e-007	8.132806e-007	1.285910e-007
5.370317963702501e+001	8.233365e-007	8.132338e-007	1.285836e-007
5.495408738576219e+001	8.232869e-007	8.131849e-007	1.285758e-007
5.623413251903463e+001	8.232350e-007	8.131336e-007	1.285677e-007
5.754399373371541e+001	8.231807e-007	8.130800e-007	1.285592e-007
5.888436553555861e+001	8.231238e-007	8.130237e-007	1.285503e-007
6.025595860743547e+001	8.230643e-007	8.129650e-007	1.285410e-007
6.165950018614791e+001	8.230019e-007	8.129034e-007	1.285313e-007
6.309573444801901e+001	8.229367e-007	8.128389e-007	1.285211e-007
6.456542290346522e+001	8.228683e-007	8.127714e-007	1.285105e-007
6.606934480075925e+001	8.227968e-007	8.127008e-007	1.284993e-007
6.760829753919782e+001	8.227219e-007	8.126268e-007	1.284876e-007
6.918309709189329e+001	8.226435e-007	8.125494e-007	1.284753e-007
7.079457843841342e+001	8.225615e-007	8.124683e-007	1.284625e-007
7.244359600749863e+001	8.224756e-007	8.123835e-007	1.284491e-007
7.413102413009136e+001	8.223857e-007	8.122947e-007	1.284351e-007
7.585775750291798e+001	8.222916e-007	8.122017e-007	1.284204e-007
7.762471166286876e+001	8.221930e-007	8.121044e-007	1.284050e-007
7.943282347242773e+001	8.220899e-007	8.120026e-007	1.283889e-007
8.128305161640949e+001	8.219820e-007	8.118959e-007	1.283720e-007
8.317637711026666e+001	8.218690e-007	8.117843e-007	1.283544e-007
8.511380382023719e+001	8.217507e-007	8.116675e-007	1.283359e-007
8.709635899560760e+001	8.216269e-007	8.115452e-007	1.283166e-007
8.912509381337408e+001	8.214974e-007	8.114173e-007	1.282963e-007
9.120108393559049e+001	8.213618e-007	8.112834e-007	1.282752e-007
9.332543007969861e+001	8.212199e-007	8.111432e-007	1.282530e-007
9.549925860214309e+001	8.210714e-007	8.109965e-007	1.282298e-007
9.772372209558054e+001	8.209159e-007	8.108429e-007	1.282055e-007
9.999999999999946e+001	8.207533e-007	8.106823e-007	1.281801e-007
1.023292992280749e+002	8.205830e-007	8.105142e-007	1.281535e-007
1.047128548050894e+002	8.204049e-007	8.103382e-007	1.281257e-007
1.071519305237600e+002	8.202185e-007	8.101541e-007	1.280966e-007
1.096478196143179e+002	8.200234e-007	8.099614e-007	1.280661e-007
1.122018454301957e+002	8.198193e-007	8.097598e-007	1.280343e-007
1.148153621496876e+002	8.196058e-007	8.095489e-007	1.280009e-007
1.174897554939523e+002	8.193823e-007	8.093282e-007	1.279660e-007
1.202264434617406e+002	8.191486e-007	8.090973e-007	1.279295e-007
1.230268770812374e+002	8.189040e-007	8.088557e-007	1.278913e-007
1.258925411794160e+002	8.186481e-007	8.086030e-007	1.278514e-007
1.288249551693126e+002	8.183804e-007	8.083385e-007	1.278095e-007
1.318256738556399e+002	8.181004e-007	8.080620e-007	1.277658e-007
1.348962882591646e+002	8.178075e-007	8.077727e-007	1.277201e-007
1.380384264602876e+002	8.175011e-007	8.074701e-007	1.276722e-007
1.412537544622746e+002	8.171807e-007	8.071536e-007	1.276222e-007
1.445439770745919e+002	8.168456e-007	8.068225e-007	1.275698e-007
1.479108388168199e+002	8.164951e-007	8.064764e-007	1.275151e-007
1.513561248436199e+002	8.161286e-007	8.061143e-007	1.274579e-007
1.548816618912472e+002	8.157453e-007	8.057358e-007	1.273980e-007
1.584893192461104e+002	8.153445e-007	8.053399e-007	1.273354e-007
1.621810097358920e+002	8.149256e-007	8.049261e-007	1.272700e-007
1.659586907437551e+002	8.144875e-007	8.044934e-007	1.272016e-007
1.698243652461734e+002	8.140295e-007	8.040411e-007	1.271301e-007
1.737800828749365e+002	8.135509e-007	8.035682e-007	1.270553e-007
1.778279410038912e+002	8.130505e-007	8.030740e-007	1.269772e-007
1.819700858609972e+002	8.125275e-007	8.025575e-007	1.268955e-007
1.862087136662856e+002	8.119810e-007	8.020177e-007	1.268101e-007
1.905460717963235e+002	8.114099e-007	8.014536e-007	1.267209e-007
1.949844599758033e+002	8.108132e-007	8.008642e-007	1.266277e-007
1.995262314968867e+002	8.101898e-007	8.002484e-007	1.265304e-007
2.041737944669516e+002	8.095384e-007	7.996051e-007	1.264287e-007
2.089296130854026e+002	8.088581e-007	7.989332e-007	1.263224e-007
2.137962089502218e+002	8.081477e-007	7.982314e-007	1.262115e-007
2.187761623949538e+002	8.074056e-007	7.974984e-007	1.260956e-007
2.238721138568325e+002	8.066309e-007	7.967332e-007	1.259746e-007
2.290867652767758e+002	8.058220e-007	7.959342e-007	1.258482e-007
2.344228815319906e+002	8.049775e-007	7.951001e-007	1.257164e-007
2.398832919019474e+002	8.040961e-007	7.942295e-007	1.255787e-007
2.454708915685014e+002	8.031763e-007	7.933210e-007	1.254351e-007
2.511886431509563e+002	8.022165e-007	7.923730e-007	1.252852e-007
2.570395782768846e+002	8.012152e-007	7.913839e-007	1.251288e-007
2.630267991895364e+002	8.001706e-007	7.903521e-007	1.249657e-007
2.691534803926897e+002	7.990812e-007	7.892762e-007	1.247955e-007
2.754228703338148e+002	7.979452e-007	7.881541e-007	1.246181e-007
2.818382931264435e+002	7.967608e-007	7.869842e-007	1.244331e-007
2.884031503126586e+002	7.955263e-007	7.857649e-007	1.242403e-007
2.951209226666366e+002	7.942397e-007	7.844941e-007	1.240394e-007
3.019951720401995e+002	7.928991e-007	7.831700e-007	1.238300e-007
3.090295432513569e+002	7.915027e-007	7.817906e-007	1.236120e-007
3.162277660168357e+002	7.900483e-007	7.803540e-007	1.233848e-007
3.235936569296260e+002	7.885338e-007	7.788582e-007	1.231483e-007
3.311311214825888e+002	7.869573e-007	7.773011e-007	1.229021e-007
3.388441561392002e+002	7.853167e-007	7.756805e-007	1.226459e-007
3.467368504525292e+002	7.836096e-007	7.739944e-007	1.223793e-007
3.548133892335729e+002	7.818340e-007	7.722406e-007	1.221020e-007
3.630780547700987e+002	7.799876e-007	7.704168e-007	1.218136e-007
3.715352290971698e+002	7.780681e-007	7.685209e-007	1.215138e-007
3.801893963205584e+002	7.760733e-007	7.665505e-007	1.212023e-007
3.890451449942777e+002	7.740007e-007	7.645034e-007	1.208786e-007
3.981071705534943e+002	7.718482e-007	7.623773e-007	1.205424e-007
4.073802778041097e+002	7.696135e-007	7.601700e-007	1.201934e-007
4.168693834703323e+002	7.672940e-007	7.578790e-007	1.198312e-007
4.265795188015895e+002	7.648876e-007	7.555021e-007	1.194554e-007
4.365158322401627e+002	7.623919e-007	7.530371e-007	1.190656e-007
4.466835921509598e+002	7.598045e-007	7.504815e-007	1.186615e-007
4.570881896148716e+002	7.571234e-007	7.478332e-007	1.182428e-007
4.677351412871947e+002	7.543460e-007	7.450898e-007	1.178091e-007
4.786300923226348e+002	7.514702e-007	7.422494e-007	1.173599e-007
4.897788193684425e+002	7.484939e-007	7.393095e-007	1.168951e-007
5.011872336272685e+002	7.454149e-007	7.362684e-007	1.164142e-007
5.128613839913610e+002	7.422312e-007	7.331237e-007	1.159170e-007
5.248074602497686e+002	7.389407e-007	7.298736e-007	1.154032e-007
5.370317963702487e+002	7.355417e-007	7.265163e-007	1.148723e-007
5.495408738576203e+002	7.320323e-007	7.230499e-007	1.143242e-007
5.623413251903447e+002	7.284108e-007	7.194729e-007	1.137587e-007
5.754399373371524e+002	7.246757e-007	7.157836e-007	1.131753e-007
5.888436553555844e+002	7.208254e-007	7.119805e-007	1.125740e-007
6.025595860743530e+002	7.168587e-007	7.080626e-007	1.119545e-007
6.165950018614773e+002	7.127745e-007	7.040285e-007	1.113167e-007
6.309573444801882e+002	7.085718e-007	6.998773e-007	1.106603e-007
6.456542290346504e+002	7.042497e-007	6.956083e-007	1.099853e-007
6.606934480075908e+002	6.998076e-007	6.912207e-007	1.092916e-007
6.760829753919763e+002	6.952451e-007	6.867141e-007	1.085790e-007
6.918309709189309e+002	6.905619e-007	6.820885e-007	1.078477e-007
7.079457843841321e+002	6.857581e-007	6.773436e-007	1.070974e-007
7.244359600749841e+002	6.808338e-007	6.724797e-007	1.063284e-007
7.413102413009113e+002	6.757895e-007	6.674972e-007	1.055406e-007
7.585775750291774e+002	6.706257e-007	6.623969e-007	1.047341e-007
7.762471166286852e+002	6.653435e-007	6.571794e-007	1.039092e-007
7.943282347242747e+002	6.599440e-007	6.518462e-007	1.030659e-007
8.128305161640923e+002	6.544285e-007	6.463984e-007	1.022046e-007
8.317637711026639e+002	6.487988e-007	6.408378e-007	1.013253e-007
8.511380382023692e+002	6.430568e-007	6.351662e-007	1.004286e-007
8.709635899560732e+002	6.372046e-007	6.293859e-007	9.951464e-008
8.912509381337379e+002	6.312447e-007	6.234990e-007	9.858385e-008
9.120108393559019e+002	6.251797e-007	6.175085e-007	9.763666e-008
9.332543007969830e+002	6.190126e-007	6.114170e-007	9.667352e-008
9.549925860214277e+002	6.127465e-007	6.052279e-007	9.569493e-008
9.772372209558022e+002	6.063849e-007	5.989443e-007	9.470141e-008
9.999999999999913e+002	5.999314e-007	5.925699e-007	9.369353e-008
1.023292992280745e+003	5.933897e-007	5.861086e-007	9.267190e-008
1.047128548050890e+003	5.867640e-007	5.795642e-007	9.163715e-008
1.071519305237597e+003	5.800586e-007	5.729411e-007	9.058994e-008
1.096478196143175e+003	5.732779e-007	5.662435e-007	8.953096e-008
1.122018454301953e+003	5.664264e-007	5.594761e-007	8.846094e-008
1.148153621496872e+003	5.595089e-007	5.526435e-007	8.738061e-008
1.174897554939519e+003	5.525303e-007	5.457505e-007	8.629073e-008
1.202264434617402e+003	5.454957e-007	5.388022e-007	8.519211e-008
1.230268770812370e+003	5.384100e-007	5.318036e-007	8.408552e-008
1.258925411794156e+003	5.312787e-007	5.247596e-007	8.297179e-008
1.288249551693122e+003	5.241068e-007	5.176757e-007	8.185172e-008
1.318256738556395e+003	5.168997e-007	5.105571e-007	8.072617e-008
1.348962882591641e+003	5.096628e-007	5.034090e-007	7.959595e-008
1.380384264602872e+003	5.024013e-007	4.962367e-007	7.846192e-008
1.412537544622741e+003	4.951208e-007	4.890455e-007	7.732489e-008
1.445439770745914e+003	4.878266e-007	4.818407e-007	7.618571e-008
1.479108388168193e+003	4.805238e-007	4.746276e-007	7.504521e-008
1.513561248436194e+003	4.732177e-007	4.674112e-007	7.390420e-008
1.548816618912467e+003	4.659136e-007	4.601967e-007	7.276348e-008
1.584893192461099e+003	4.586166e-007	4.529892e-007	7.162387e-008
1.621810097358915e+003	4.513315e-007	4.457935e-007	7.048613e-008
1.659586907437545e+003	4.440633e-007	4.386144e-007	6.935103e-008
1.698243652461728e+003	4.368167e-007	4.314568e-007	6.821931e-008
1.737800828749359e+003	4.295964e-007	4.243251e-007	6.709169e-008
1.778279410038906e+003	4.224069e-007	4.172238e-007	6.596887e-008
1.819700858609966e+003	4.152523e-007	4.101570e-007	6.485152e-008
1.862087136662849e+003	4.081371e-007	4.031291e-007	6.374030e-008
1.905460717963229e+003	4.010650e-007	3.961438e-007	6.263583e-008
1.949844599758026e+003	3.940400e-007	3.892050e-007	6.153871e-008
1.995262314968860e+003	3.870657e-007	3.823163e-007	6.044952e-008
2.041737944669509e+003	3.801456e-007	3.754811e-007	5.936877e-008
2.089296130854019e+003	3.732829e-007	3.687026e-007	5.829699e-008
2.137962089502211e+003	3.664807e-007	3.619839e-007	5.723468e-008
2.187761623949531e+003	3.597421e-007	3.553279e-007	5.618227e-008
2.238721138568317e+003	3.530696e-007	3.487373e-007	5.514020e-008
2.290867652767750e+003	3.464658e-007	3.422145e-007	5.410887e-008
2.344228815319898e+003	3.399331e-007	3.357620e-007	5.308863e-008
2.398832919019466e+003	3.334737e-007	3.293818e-007	5.207984e-008
2.454708915685005e+003	3.270896e-007	3.230761e-007	5.108281e-008
2.511886431509554e+003	3.207825e-007	3.168464e-007	5.009781e-008
2.570395782768837e+003	3.145542e-007	3.106945e-007	4.912512e-008
2.630267991895355e+003	3.084062e-007	3.046219e-007	4.816495e-008
2.691534803926887e+003	3.023397e-007	2.986299e-007	4.721753e-008
2.754228703338138e+003	2.963560e-007	2.927196e-007	4.628303e-008
2.818382931264424e+003	2.904560e-007	2.868920e-007	4.536161e-008
2.884031503126575e+003	2.846407e-007	2.811480e-007	4.445340e-008
2.951209226666354e+003	2.789107e-007	2.754884e-007	4.355854e-008
3.019951720401984e+003	2.732667e-007	2.699136e-007	4.267709e-008
3.090295432513557e+003	2.677092e-007	2.644243e-007	4.180915e-008
3.162277660168345e+003	2.622384e-007	2.590207e-007	4.095477e-008
3.235936569296248e+003	2.568547e-007	2.537030e-007	4.011397e-008
3.311311214825875e+003	2.515581e-007	2.484714e-007	3.928678e-008
3.388441561391989e+003	2.463487e-007	2.433259e-007	3.847321e-008
3.467368504525279e+003	2.412264e-007	2.382664e-007	3.767323e-008
3.548133892335716e+003	2.361909e-007	2.332928e-007	3.688682e-008
3.630780547700973e+003	2.312421e-007	2.284047e-007	3.611395e-008
3.715352290971684e+003	2.263796e-007	2.236018e-007	3.535455e-008
3.801893963205570e+003	2.216029e-007	2.188838e-007	3.460856e-008
3.890451449942763e+003	2.169116e-007	2.142500e-007	3.387590e-008
3.981071705534928e+003	2.123051e-007	2.097000e-007	3.315649e-008
4.073802778041082e+003	2.077828e-007	2.052332e-007	3.245022e-008
4.168693834703307e+003	2.033440e-007	2.008489e-007	3.175700e-008
4.265795188015879e+003	1.989880e-007	1.965463e-007	3.107670e-008
4.365158322401610e+003	1.947139e-007	1.923247e-007	3.040920e-008
4.466835921509581e+003	1.905210e-007	1.881832e-007	2.975438e-008
4.570881896148699e+003	1.864084e-007	1.841211e-007	2.911210e-008
4.677351412871929e+003	1.823752e-007	1.801374e-007	2.848222e-008
4.786300923226329e+003	1.784204e-007	1.762311e-007	2.786459e-008
4.897788193684407e+003	1.745432e-007	1.724014e-007	2.725906e-008
5.011872336272666e+003	1.707424e-007	1.686473e-007	2.666548e-008
5.128613839913590e+003	1.670171e-007	1.649678e-007	2.608369e-008
5.248074602497666e+003	1.633663e-007	1.613618e-007	2.551353e-008
5.370317963702466e+003	1.597889e-007	1.578282e-007	2.495484e-008
5.495408738576182e+003	1.562839e-007	1.543662e-007	2.440744e-008
5.623413251903426e+003	1.528501e-007	1.509745e-007	2.387117e-008
5.754399373371502e+003	1.494865e-007	1.476522e-007	2.334587e-008
5.888436553555821e+003	1.461920e-007	1.443981e-007	2.283135e-008
6.025595860743507e+003	1.429654e-007	1.412112e-007	2.232745e-008
6.165950018614749e+003	1.398058e-007	1.380903e-007	2.183400e-008
6.309573444801858e+003	1.367119e-007	1.350344e-007	2.135082e-008
6.456542290346478e+003	1.336827e-007	1.320424e-007	2.087774e-008
6.606934480075881e+003	1.307171e-007	1.291132e-007	2.041459e-008
6.760829753919737e+003	1.278140e-007	1.262457e-007	1.996119e-008
6.918309709189281e+003	1.249722e-007	1.234387e-007	1.951738e-008
7.079457843841294e+003	1.221907e-007	1.206914e-007	1.908298e-008
7.244359600749813e+003	1.194684e-007	1.180024e-007	1.865783e-008
7.413102413009085e+003	1.168042e-007	1.153709e-007	1.824174e-008
7.585775750291745e+003	1.141970e-007	1.127957e-007	1.783457e-008
7.762471166286822e+003	1.116457e-007	1.102758e-007	1.743614e-008
7.943282347242717e+003	1.091494e-007	1.078101e-007	1.704628e-008
8.128305161640892e+003	1.067070e-007	1.053977e-007	1.666483e-008
8.317637711026608e+003	1.043174e-007	1.030374e-007	1.629164e-008
8.511380382023659e+003	1.019796e-007	1.007283e-007	1.592654e-008
8.709635899560699e+003	9.969258e-008	9.846931e-008	1.556937e-008
8.912509381337344e+003	9.745538e-008	9.625956e-008	1.521997e-008
9.120108393558983e+003	9.526699e-008	9.409803e-008	1.487820e-008
9.332543007969793e+003	9.312644e-008	9.198374e-008	1.454391e-008
9.549925860214238e+003	9.103277e-008	8.991576e-008	1.421693e-008
9.772372209557982e+003	8.898503e-008	8.789315e-008	1.389713e-008
9.999999999999871e+003	8.698229e-008	8.591498e-008	1.358435e-008
1.023292992280741e+004	8.502364e-008	8.398036e-008	1.327846e-008
1.047128548050886e+004	8.310816e-008	8.208839e-008	1.297931e-008
1.071519305237592e+004	8.123497e-008	8.023818e-008	1.268677e-008
1.096478196143171e+004	7.940319e-008	7.842888e-008	1.240069e-008
1.122018454301949e+004	7.761195e-008	7.665962e-008	1.212095e-008
1.148153621496868e+004	7.586042e-008	7.492958e-008	1.184741e-008
1.174897554939514e+004	7.414776e-008	7.323793e-008	1.157993e-008
1.202264434617397e+004	7.247314e-008	7.158387e-008	1.131840e-008
1.230268770812365e+004	7.083577e-008	6.996659e-008	1.106269e-008
1.258925411794151e+004	6.923486e-008	6.838532e-008	1.081267e-008
1.288249551693117e+004	6.766962e-008	6.683929e-008	1.056822e-008
1.318256738556390e+004	6.613930e-008	6.532775e-008	1.032922e-008
1.348962882591636e+004	6.464315e-008	6.384995e-008	1.009556e-008
1.380384264602867e+004	6.318044e-008	6.240519e-008	9.867127e-009
1.412537544622735e+004	6.175044e-008	6.099273e-008	9.643799e-009
1.445439770745908e+004	6.035245e-008	5.961190e-008	9.425468e-009
1.479108388168187e+004	5.898577e-008	5.826199e-008	9.212030e-009
1.513561248436188e+004	5.764974e-008	5.694235e-008	9.003376e-009
1.548816618912460e+004	5.634367e-008	5.565231e-008	8.799402e-009
1.584893192461092e+004	5.506692e-008	5.439123e-008	8.600008e-009
1.621810097358908e+004	5.381884e-008	5.315847e-008	8.405092e-009
1.659586907437538e+004	5.259882e-008	5.195341e-008	8.214556e-009
1.698243652461721e+004	5.140624e-008	5.077546e-008	8.028306e-009
1.737800828749351e+004	5.024049e-008	4.962401e-008	7.846245e-009
1.778279410038898e+004	4.910098e-008	4.849849e-008	7.668285e-009
1.819700858609958e+004	4.798713e-008	4.739831e-008	7.494331e-009
1.862087136662842e+004	4.689839e-008	4.632293e-008	7.324298e-009
1.905460717963221e+004	4.583419e-008	4.527179e-008	7.158098e-009
1.949844599758018e+004	4.479399e-008	4.424435e-008	6.995646e-009
1.995262314968852e+004	4.377727e-008	4.324010e-008	6.836860e-009
2.041737944669501e+004	4.278349e-008	4.225852e-008	6.681658e-009
2.089296130854010e+004	4.181215e-008	4.129910e-008	6.529961e-009
2.137962089502202e+004	4.086275e-008	4.036135e-008	6.381690e-009
2.187761623949522e+004	3.993481e-008	3.944480e-008	6.236770e-009
2.238721138568308e+004	3.902785e-008	3.854896e-008	6.095126e-009
2.290867652767740e+004	3.814139e-008	3.767338e-008	5.956684e-009
2.344228815319889e+004	3.727498e-008	3.681760e-008	5.821374e-009
2.398832919019456e+004	3.642817e-008	3.598118e-008	5.689125e-009
2.454708915684995e+004	3.560053e-008	3.516370e-008	5.559869e-009
2.511886431509544e+004	3.479163e-008	3.436472e-008	5.433539e-009
2.570395782768826e+004	3.400103e-008	3.358383e-008	5.310069e-009
2.630267991895344e+004	3.322835e-008	3.282062e-008	5.189396e-009
2.691534803926876e+004	3.247317e-008	3.207471e-008	5.071457e-009
2.754228703338126e+004	3.173509e-008	3.134569e-008	4.956189e-009
2.818382931264412e+004	3.101375e-008	3.063320e-008	4.843534e-009
2.884031503126564e+004	3.030875e-008	2.993686e-008	4.733432e-009
2.951209226666342e+004	2.961974e-008	2.925630e-008	4.625827e-009
3.019951720401971e+004	2.894636e-008	2.859118e-008	4.520662e-009
3.090295432513544e+004	2.828824e-008	2.794114e-008	4.417882e-009
3.162277660168332e+004	2.764506e-008	2.730584e-008	4.317433e-009
3.235936569296234e+004	2.701646e-008	2.668496e-008	4.219263e-009
3.311311214825861e+004	2.640213e-008	2.607817e-008	4.123320e-009
3.388441561391974e+004	2.580174e-008	2.548514e-008	4.029555e-009
3.467368504525264e+004	2.521498e-008	2.490558e-008	3.937918e-009
3.548133892335701e+004	2.464153e-008	2.433917e-008	3.848361e-009
3.630780547700958e+004	2.408111e-008	2.378562e-008	3.760837e-009
3.715352290971669e+004	2.353341e-008	2.324464e-008	3.675301e-009
3.801893963205554e+004	2.299814e-008	2.271595e-008	3.591706e-009
3.890451449942747e+004	2.247503e-008	2.219926e-008	3.510011e-009
3.981071705534912e+004	2.196381e-008	2.169430e-008	3.430170e-009
4.073802778041065e+004	2.146419e-008	2.120082e-008	3.352144e-009
4.168693834703291e+004	2.097593e-008	2.071855e-008	3.275890e-009
4.265795188015862e+004	2.049876e-008	2.024723e-008	3.201368e-009
4.365158322401593e+004	2.003243e-008	1.978662e-008	3.128539e-009
4.466835921509563e+004	1.957669e-008	1.933648e-008	3.057366e-009
4.570881896148680e+004	1.913132e-008	1.889657e-008	2.987810e-009
4.677351412871909e+004	1.869606e-008	1.846665e-008	2.919834e-009
4.786300923226309e+004	1.827070e-008	1.804651e-008	2.853404e-009
4.897788193684386e+004	1.785500e-008	1.763592e-008	2.788483e-009
5.011872336272644e+004	1.744876e-008	1.723465e-008	2.725038e-009
5.128613839913568e+004	1.705175e-008	1.684251e-008	2.663036e-009
5.248074602497643e+004	1.666376e-008	1.645929e-008	2.602442e-009
5.370317963702443e+004	1.628460e-008	1.608478e-008	2.543227e-009
5.495408738576159e+004	1.591406e-008	1.571878e-008	2.485358e-009
5.623413251903402e+004	1.555194e-008	1.536111e-008	2.428805e-009
5.754399373371479e+004	1.519805e-008	1.501157e-008	2.373537e-009
5.888436553555797e+004	1.485222e-008	1.466998e-008	2.319527e-009
6.025595860743483e+004	1.451425e-008	1.433615e-008	2.266745e-009
6.165950018614724e+004	1.418396e-008	1.400992e-008	2.215162e-009
6.309573444801832e+004	1.386119e-008	1.369110e-008	2.164754e-009
6.456542290346453e+004	1.354575e-008	1.337954e-008	2.115491e-009
6.606934480075855e+004	1.323750e-008	1.307507e-008	2.067349e-009
6.760829753919710e+004	1.293625e-008	1.277752e-008	2.020303e-009
6.918309709189255e+004	1.264185e-008	1.248673e-008	1.974326e-009
7.079457843841266e+004	1.235416e-008	1.220256e-008	1.929395e-009
7.244359600749785e+004	1.207300e-008	1.192486e-008	1.885486e-009
7.413102413009056e+004	1.179824e-008	1.165347e-008	1.842576e-009
7.585775750291716e+004	1.152974e-008	1.138826e-008	1.800642e-009
7.762471166286792e+004	1.126734e-008	1.112908e-008	1.759662e-009
7.943282347242687e+004	1.101091e-008	1.087580e-008	1.719615e-009
8.128305161640862e+004	1.076031e-008	1.062828e-008	1.680478e-009
8.317637711026576e+004	1.051542e-008	1.038639e-008	1.642232e-009
8.511380382023628e+004	1.027609e-008	1.015000e-008	1.604856e-009
8.709635899560666e+004	1.004222e-008	9.918995e-009	1.568331e-009
8.912509381337311e+004	9.813661e-009	9.693244e-009	1.532636e-009
9.120108393558950e+004	9.590305e-009	9.472628e-009	1.497754e-009
9.332543007969759e+004	9.372032e-009	9.257033e-009	1.463665e-009
9.549925860214204e+004	9.158724e-009	9.046343e-009	1.430353e-009
9.772372209557948e+004	8.950272e-009	8.840448e-009	1.397798e-009
9.999999999999837e+004	8.746562e-009	8.639238e-009	1.365983e-009
1.023292992280737e+005	8.547487e-009	8.442607e-009	1.334893e-009
1.047128548050882e+005	8.352943e-009	8.250449e-009	1.304510e-009
1.071519305237589e+005	8.162826e-009	8.062664e-009	1.274819e-009
1.096478196143167e+005	7.977035e-009	7.879153e-009	1.245804e-009
1.122018454301945e+005	7.795472e-009	7.699818e-009	1.217448e-009
1.148153621496864e+005	7.618040e-009	7.524564e-009	1.189738e-009
1.174897554939510e+005	7.444647e-009	7.353298e-009	1.162659e-009
1.202264434617393e+005	7.275200e-009	7.185930e-009	1.136195e-009
1.230268770812361e+005	7.109608e-009	7.022370e-009	1.110334e-009
1.258925411794147e+005	6.947785e-009	6.862533e-009	1.085062e-009
1.288249551693113e+005	6.789645e-009	6.706334e-009	1.060364e-009
1.318256738556385e+005	6.635104e-009	6.553689e-009	1.036229e-009
1.348962882591631e+005	6.484080e-009	6.404518e-009	1.012643e-009
1.380384264602862e+005	6.336494e-009	6.258742e-009	9.895940e-010
1.412537544622731e+005	6.192265e-009	6.116284e-009	9.670694e-010
1.445439770745904e+005	6.051320e-009	5.977068e-009	9.450574e-010
1.479108388168183e+005	5.913582e-009	5.841020e-009	9.235464e-010
1.513561248436183e+005	5.778980e-009	5.708069e-009	9.025249e-010
1.548816618912456e+005	5.647440e-009	5.578144e-009	8.819819e-010
1.584893192461087e+005	5.518894e-009	5.451176e-009	8.619065e-010
1.621810097358903e+005	5.393274e-009	5.327097e-009	8.422880e-010
1.659586907437533e+005	5.270514e-009	5.205842e-009	8.231160e-010
1.698243652461716e+005	5.150547e-009	5.087347e-009	8.043803e-010
1.737800828749346e+005	5.033311e-009	4.971550e-009	7.860710e-010
1.778279410038893e+005	4.918742e-009	4.858387e-009	7.681785e-010
1.819700858609953e+005	4.806782e-009	4.747801e-009	7.506932e-010
1.862087136662836e+005	4.697370e-009	4.639731e-009	7.336060e-010
1.905460717963215e+005	4.590448e-009	4.534122e-009	7.169075e-010
1.949844599758012e+005	4.485960e-009	4.430915e-009	7.005893e-010
1.995262314968846e+005	4.383850e-009	4.330058e-009	6.846423e-010
2.041737944669495e+005	4.284064e-009	4.231497e-009	6.690584e-010
2.089296130854004e+005	4.186549e-009	4.135179e-009	6.538292e-010
2.137962089502196e+005	4.091254e-009	4.041053e-009	6.389466e-010
2.187761623949515e+005	3.998128e-009	3.949070e-009	6.244027e-010
2.238721138568301e+005	3.907122e-009	3.859180e-009	6.101899e-010
2.290867652767734e+005	3.818187e-009	3.771336e-009	5.963006e-010
2.344228815319882e+005	3.731276e-009	3.685492e-009	5.827274e-010
2.398832919019449e+005	3.646343e-009	3.601601e-009	5.694631e-010
2.454708915684988e+005	3.563344e-009	3.519620e-009	5.565008e-010
2.511886431509537e+005	3.482234e-009	3.439506e-009	5.438336e-010
2.570395782768819e+005	3.402970e-009	3.361214e-009	5.314546e-010
2.630267991895336e+005	3.325510e-009	3.284705e-009	5.193574e-010
2.691534803926869e+005	3.249814e-009	3.209937e-009	5.075356e-010
2.754228703338119e+005	3.175840e-009	3.136871e-009	4.959829e-010
2.818382931264405e+005	3.103550e-009	3.065468e-009	4.846931e-010
2.884031503126556e+005	3.032905e-009	2.995691e-009	4.736603e-010
2.951209226666334e+005	2.963869e-009	2.927501e-009	4.628786e-010
3.019951720401964e+005	2.896404e-009	2.860864e-009	4.523423e-010
3.090295432513537e+005	2.830475e-009	2.795743e-009	4.420459e-010
3.162277660168324e+005	2.766046e-009	2.732105e-009	4.319838e-010
3.235936569296226e+005	2.703084e-009	2.669916e-009	4.221507e-010
3.311311214825853e+005	2.641555e-009	2.609142e-009	4.125415e-010
3.388441561391967e+005	2.581426e-009	2.549751e-009	4.031510e-010
3.467368504525256e+005	2.522666e-009	2.491712e-009	3.939743e-010
3.548133892335693e+005	2.465244e-009	2.434994e-009	3.850064e-010
3.630780547700950e+005	2.409128e-009	2.379567e-009	3.762426e-010
3.715352290971660e+005	2.354291e-009	2.325402e-009	3.676784e-010
3.801893963205545e+005	2.300701e-009	2.272470e-009	3.593091e-010
3.890451449942738e+005	2.248331e-009	2.220743e-009	3.511303e-010
3.981071705534903e+005	2.197153e-009	2.170193e-009	3.431376e-010
4.073802778041056e+005	2.147140e-009	2.120794e-009	3.353269e-010
4.168693834703281e+005	2.098265e-009	2.072519e-009	3.276940e-010
4.265795188015852e+005	2.050503e-009	2.025343e-009	3.202348e-010
4.365158322401583e+005	2.003828e-009	1.979241e-009	3.129454e-010
4.466835921509552e+005	1.958216e-009	1.934188e-009	3.058220e-010
4.570881896148669e+005	1.913642e-009	1.890161e-009	2.988606e-010
4.677351412871899e+005	1.870082e-009	1.847136e-009	2.920578e-010
4.786300923226299e+005	1.827514e-009	1.805090e-009	2.854098e-010
4.897788193684375e+005	1.785915e-009	1.764001e-009	2.789131e-010
5.011872336272634e+005	1.745263e-009	1.723848e-009	2.725643e-010
5.128613839913558e+005	1.705536e-009	1.684608e-009	2.663600e-010
5.248074602497633e+005	1.666713e-009	1.646262e-009	2.602969e-010
5.370317963702432e+005	1.628775e-009	1.608789e-009	2.543719e-010
5.495408738576148e+005	1.591699e-009	1.572168e-009	2.485817e-010
5.623413251903391e+005	1.555468e-009	1.536382e-009	2.429233e-010
5.754399373371467e+005	1.520061e-009	1.501409e-009	2.373937e-010
5.888436553555785e+005	1.485461e-009	1.467233e-009	2.319900e-010
6.025595860743470e+005	1.451647e-009	1.433835e-009	2.267092e-010
6.165950018614712e+005	1.418604e-009	1.401197e-009	2.215487e-010
6.309573444801820e+005	1.386313e-009	1.369302e-009	2.165057e-010
6.456542290346441e+005	1.354756e-009	1.338133e-009	2.115774e-010
6.606934480075843e+005	1.323919e-009	1.307674e-009	2.067613e-010
6.760829753919698e+005	1.293783e-009	1.277907e-009	2.020549e-010
6.918309709189242e+005	1.264333e-009	1.248819e-009	1.974556e-010
7.079457843841253e+005	1.235553e-009	1.220392e-009	1.929609e-010
7.244359600749771e+005	1.207428e-009	1.192613e-009	1.885686e-010
7.413102413009043e+005	1.179944e-009	1.165466e-009	1.842763e-010
7.585775750291703e+005	1.153085e-009	1.138936e-009	1.800816e-010
7.762471166286779e+005	1.126838e-009	1.113011e-009	1.759825e-010
7.943282347242674e+005	1.101188e-009	1.087676e-009	1.719767e-010
8.128305161640848e+005	1.076122e-009	1.062917e-009	1.680620e-010
8.317637711026561e+005	1.051626e-009	1.038722e-009	1.642364e-010
8.511380382023612e+005	1.027688e-009	1.015078e-009	1.604980e-010
8.709635899560649e+005	1.004295e-009	9.919723e-010	1.568446e-010
8.912509381337294e+005	9.814349e-010	9.693923e-010	1.532744e-010
9.120108393558932e+005	9.590948e-010	9.473263e-010	1.497854e-010
9.332543007969741e+005	9.372632e-010	9.257625e-010	1.463759e-010
9.549925860214186e+005	9.159284e-010	9.046897e-010	1.430440e-010
9.772372209557928e+005	8.950794e-010	8.840964e-010	1.397879e-010
9.999999999999817e+005	8.747049e-010	8.639719e-010	1.366060e-010
1.023292992280735e+006	8.547942e-010	8.443056e-010	1.334964e-010
1.047128548050880e+006	8.353367e-010	8.250868e-010	1.304577e-010
1.071519305237587e+006	8.163222e-010	8.063056e-010	1.274881e-010
1.096478196143165e+006	7.977404e-010	7.879519e-010	1.245861e-010
1.122018454301943e+006	7.795817e-010	7.700159e-010	1.217502e-010
1.148153621496861e+006	7.618363e-010	7.524882e-010	1.189788e-010
1.174897554939508e+006	7.444947e-010	7.353595e-010	1.162705e-010
1.202264434617390e+006	7.275480e-010	7.186207e-010	1.136239e-010
1.230268770812359e+006	7.109870e-010	7.022629e-010	1.110375e-010
1.258925411794144e+006	6.948029e-010	6.862774e-010	1.085100e-010
1.288249551693110e+006	6.789873e-010	6.706559e-010	1.060400e-010
1.318256738556382e+006	6.635317e-010	6.553899e-010	1.036262e-010
1.348962882591628e+006	6.484279e-010	6.404714e-010	1.012674e-010
1.380384264602859e+006	6.336679e-010	6.258925e-010	9.896230e-011
1.412537544622727e+006	6.192438e-010	6.116455e-010	9.670964e-011
1.445439770745900e+006	6.051482e-010	5.977227e-010	9.450826e-011
1.479108388168179e+006	5.913733e-010	5.841169e-010	9.235699e-011
1.513561248436179e+006	5.779120e-010	5.708208e-010	9.025469e-011
1.548816618912452e+006	5.647571e-010	5.578273e-010	8.820025e-011
1.584893192461083e+006	5.519017e-010	5.451296e-010	8.619256e-011
1.621810097358899e+006	5.393389e-010	5.327210e-010	8.423058e-011
1.659586907437529e+006	5.270620e-010	5.205948e-010	8.231326e-011
1.698243652461712e+006	5.150647e-010	5.087446e-010	8.043958e-011
1.737800828749342e+006	5.033403e-010	4.971641e-010	7.860856e-011
1.778279410038889e+006	4.918829e-010	4.858473e-010	7.681920e-011
1.819700858609949e+006	4.806863e-010	4.747881e-010	7.507059e-011
1.862087136662832e+006	4.697445e-010	4.639806e-010	7.336177e-011
1.905460717963211e+006	4.590519e-010	4.534191e-010	7.169185e-011
1.949844599758008e+006	4.486026e-010	4.430980e-010	7.005995e-011
1.995262314968841e+006	4.383911e-010	4.330119e-010	6.846519e-011
2.041737944669490e+006	4.284121e-010	4.231553e-010	6.690674e-011
2.089296130853999e+006	4.186603e-010	4.135232e-010	6.538375e-011
2.137962089502191e+006	4.091304e-010	4.041102e-010	6.389544e-011
2.187761623949510e+006	3.998175e-010	3.949115e-010	6.244100e-011
2.238721138568296e+006	3.907165e-010	3.859223e-010	6.101967e-011
2.290867652767729e+006	3.818227e-010	3.771376e-010	5.963069e-011
2.344228815319877e+006	3.731314e-010	3.685529e-010	5.827333e-011
2.398832919019444e+006	3.646379e-010	3.601636e-010	5.694687e-011
2.454708915684983e+006	3.563377e-010	3.519653e-010	5.565060e-011
2.511886431509531e+006	3.482265e-010	3.439536e-010	5.438384e-011
2.570395782768813e+006	3.402999e-010	3.361242e-010	5.314591e-011
2.630267991895330e+006	3.325537e-010	3.284731e-010	5.193616e-011
2.691534803926863e+006	3.249838e-010	3.209962e-010	5.075395e-011
2.754228703338112e+006	3.175863e-010	3.136894e-010	4.959865e-011
2.818382931264398e+006	3.103572e-010	3.065490e-010	4.846965e-011
2.884031503126549e+006	3.032926e-010	2.995711e-010	4.736634e-011
2.951209226666328e+006	2.963888e-010	2.927520e-010	4.628815e-011
3.019951720401957e+006	2.896422e-010	2.860882e-010	4.523451e-011
3.090295432513529e+006	2.830491e-010	2.795760e-010	4.420484e-011
3.162277660168317e+006	2.766061e-010	2.732121e-010	4.319862e-011
3.235936569296219e+006	2.703098e-010	2.669930e-010	4.221530e-011
3.311311214825845e+006	2.641568e-010	2.609155e-010	4.125436e-011
3.388441561391958e+006	2.581439e-010	2.549763e-010	4.031530e-011
3.467368504525248e+006	2.522678e-010	2.491723e-010	3.939761e-011
3.548133892335684e+006	2.465255e-010	2.435005e-010	3.850081e-011
3.630780547700941e+006	2.409139e-010	2.379578e-010	3.762442e-011
3.715352290971651e+006	2.354300e-010	2.325412e-010	3.676799e-011
3.801893963205536e+006	2.300710e-010	2.272479e-010	3.593105e-011
3.890451449942728e+006	2.248339e-010	2.220751e-010	3.511316e-011
3.981071705534893e+006	2.197161e-010	2.170201e-010	3.431389e-011
4.073802778041046e+006	2.147147e-010	2.120801e-010	3.353281e-011
4.168693834703270e+006	2.098272e-010	2.072525e-010	3.276951e-011
4.265795188015841e+006	2.050510e-010	2.025349e-010	3.202358e-011
4.365158322401572e+006	2.003834e-010	1.979246e-010	3.129463e-011
4.466835921509542e+006	1.958222e-010	1.934193e-010	3.058228e-011
4.570881896148658e+006	1.913647e-010	1.890166e-010	2.988614e-011
4.677351412871888e+006	1.870087e-010	1.847140e-010	2.920585e-011
4.786300923226287e+006	1.827519e-010	1.805094e-010	2.854105e-011
4.897788193684363e+006	1.785919e-010	1.764005e-010	2.789137e-011
5.011872336272622e+006	1.745267e-010	1.723852e-010	2.725649e-011
5.128613839913545e+006	1.705540e-010	1.684612e-010	2.663605e-011
5.248074602497620e+006	1.666717e-010	1.646265e-010	2.602974e-011
5.370317963702418e+006	1.628778e-010	1.608792e-010	2.543723e-011
5.495408738576134e+006	1.591702e-010	1.572171e-010	2.485821e-011
5.623413251903377e+006	1.555471e-010	1.536384e-010	2.429237e-011
5.754399373371452e+006	1.520064e-010	1.501412e-010	2.373941e-011
5.888436553555770e+006	1.485463e-010	1.467236e-010	2.319903e-011
6.025595860743455e+006	1.451650e-010	1.433837e-010	2.267096e-011
6.165950018614695e+006	1.418606e-010	1.401199e-010	2.215490e-011
6.309573444801803e+006	1.386315e-010	1.369304e-010	2.165060e-011
6.456542290346422e+006	1.354758e-010	1.338135e-010	2.115777e-011
6.606934480075824e+006	1.323920e-010	1.307675e-010	2.067616e-011
6.760829753919679e+006	1.293784e-010	1.277909e-010	2.020551e-011
6.918309709189222e+006	1.264334e-010	1.248820e-010	1.974558e-011
7.079457843841233e+006	1.235554e-010	1.220394e-010	1.929612e-011
7.244359600749752e+006	1.207430e-010	1.192614e-010	1.885688e-011
7.413102413009022e+006	1.179945e-010	1.165467e-010	1.842765e-011
7.585775750291681e+006	1.153086e-010	1.138937e-010	1.800818e-011
7.762471166286756e+006	1.126839e-010	1.113012e-010	1.759827e-011
7.943282347242650e+006	1.101189e-010	1.087677e-010	1.719768e-011
8.128305161640823e+006	1.076123e-010	1.062918e-010	1.680621e-011
8.317637711026536e+006	1.051627e-010	1.038723e-010	1.642366e-011
8.511380382023586e+006	1.027689e-010	1.015079e-010	1.604981e-011
8.709635899560623e+006	1.004296e-010	9.919730e-011	1.568447e-011
8.912509381337266e+006	9.814356e-011	9.693930e-011	1.532745e-011
9.120108393558905e+006	9.590954e-011	9.473269e-011	1.497855e-011
9.332543007969713e+006	9.372637e-011	9.257631e-011	1.463760e-011
9.549925860214157e+006	9.159290e-011	9.046902e-011	1.430441e-011
9.772372209557900e+006	8.950799e-011	8.840969e-011	1.397880e-011
9.999999999999788e+006	8.747054e-011	8.639724e-011	1.366060e-011
1.023292992280732e+007	8.547947e-011	8.443060e-011	1.334965e-011
1.047128548050877e+007	8.353372e-011	8.250873e-011	1.304578e-011
1.071519305237583e+007	8.163226e-011	8.063060e-011	1.274882e-011
1.096478196143162e+007	7.977408e-011	7.879522e-011	1.245862e-011
1.122018454301939e+007	7.795820e-011	7.700162e-011	1.217503e-011
1.148153621496858e+007	7.618366e-011	7.524886e-011	1.189789e-011
1.174897554939504e+007	7.444950e-011	7.353598e-011	1.162706e-011
1.202264434617387e+007	7.275483e-011	7.186210e-011	1.136240e-011
1.230268770812355e+007	7.109872e-011	7.022632e-011	1.110376e-011
1.258925411794140e+007	6.948032e-011	6.862777e-011	1.085100e-011
1.288249551693106e+007	6.789876e-011	6.706561e-011	1.060400e-011
1.318256738556379e+007	6.635319e-011	6.553901e-011	1.036263e-011
1.348962882591625e+007	6.484280e-011	6.404716e-011	1.012674e-011
1.380384264602855e+007	6.336680e-011	6.258927e-011	9.896232e-012
1.412537544622724e+007	6.192440e-011	6.116457e-011	9.670966e-012
1.445439770745896e+007	6.051483e-011	5.977229e-011	9.450829e-012
1.479108388168175e+007	5.913734e-011	5.841171e-011	9.235702e-012
1.513561248436175e+007	5.779121e-011	5.708209e-011	9.025471e-012
1.548816618912448e+007	5.647572e-011	5.578275e-011	8.820026e-012
1.584893192461079e+007	5.519018e-011	5.451297e-011	8.619258e-012
1.621810097358895e+007	5.393390e-011	5.327211e-011	8.423060e-012
1.659586907437524e+007	5.270621e-011	5.205949e-011	8.231328e-012
1.698243652461707e+007	5.150647e-011	5.087447e-011	8.043960e-012
1.737800828749337e+007	5.033404e-011	4.971643e-011	7.860857e-012
1.778279410038884e+007	4.918830e-011	4.858474e-011	7.681922e-012
1.819700858609944e+007	4.806864e-011	4.747882e-011	7.507060e-012
1.862087136662827e+007	4.697446e-011	4.639807e-011	7.336179e-012
1.905460717963205e+007	4.590519e-011	4.534192e-011	7.169187e-012
1.949844599758003e+007	4.486026e-011	4.430981e-011	7.005996e-012
1.995262314968836e+007	4.383912e-011	4.330120e-011	6.846520e-012
2.041737944669485e+007	4.284122e-011	4.231554e-011	6.690674e-012
2.089296130853994e+007	4.186603e-011	4.135232e-011	6.538376e-012
2.137962089502185e+007	4.091305e-011	4.041103e-011	6.389544e-012
2.187761623949505e+007	3.998175e-011	3.949116e-011	6.244101e-012
2.238721138568290e+007	3.907166e-011	3.859223e-011	6.101967e-012
2.290867652767723e+007	3.818228e-011	3.771376e-011	5.963070e-012
2.344228815319870e+007	3.731314e-011	3.685529e-011	5.827334e-012
2.398832919019438e+007	3.646379e-011	3.601637e-011	5.694687e-012
2.454708915684976e+007	3.563377e-011	3.519653e-011	5.565061e-012
2.511886431509525e+007	3.482265e-011	3.439536e-011	5.438384e-012
2.570395782768807e+007	3.402999e-011	3.361243e-011	5.314592e-012
2.630267991895324e+007	3.325537e-011	3.284732e-011	5.193617e-012
2.691534803926856e+007	3.249839e-011	3.209962e-011	5.075395e-012
2.754228703338105e+007	3.175863e-011	3.136894e-011	4.959865e-012
2.818382931264391e+007	3.103572e-011	3.065490e-011	4.846965e-012
2.884031503126542e+007	3.032926e-011	2.995711e-011	4.736635e-012
2.951209226666320e+007	2.963888e-011	2.927520e-011	4.628816e-012
3.019951720401949e+007	2.896422e-011	2.860882e-011	4.523451e-012
3.090295432513522e+007	2.830491e-011	2.795760e-011	4.420485e-012
3.162277660168309e+007	2.766061e-011	2.732121e-011	4.319862e-012
3.235936569296210e+007	2.703098e-011	2.669930e-011	4.221530e-012
3.311311214825837e+007	2.641568e-011	2.609155e-011	4.125436e-012
3.388441561391950e+007	2.581439e-011	2.549763e-011	4.031530e-012
3.467368504525239e+007	2.522678e-011	2.491724e-011	3.939761e-012
3.548133892335676e+007	2.465255e-011	2.435005e-011	3.850081e-012
3.630780547700933e+007	2.409139e-011	2.379578e-011	3.762443e-012
3.715352290971643e+007	2.354300e-011	2.325412e-011	3.676799e-012
3.801893963205528e+007	2.300710e-011	2.272479e-011	3.593105e-012
3.890451449942719e+007	2.248339e-011	2.220751e-011	3.511316e-012
3.981071705534884e+007	2.197161e-011	2.170201e-011	3.431388e-012
4.073802778041036e+007	2.147147e-011	2.120801e-011	3.353281e-012
4.168693834703261e+007	2.098272e-011	2.072525e-011	3.276951e-012
4.265795188015831e+007	2.050510e-011	2.025349e-011	3.202358e-012
4.365158322401562e+007	2.003834e-011	1.979246e-011	3.129463e-012
4.466835921509531e+007	1.958221e-011	1.934193e-011	3.058228e-012
4.570881896148648e+007	1.913647e-011	1.890166e-011	2.988614e-012
4.677351412871877e+007	1.870087e-011	1.847140e-011	2.920585e-012
4.786300923226276e+007	1.827519e-011	1.805094e-011	2.854105e-012
4.897788193684352e+007	1.785919e-011	1.764005e-011	2.789137e-012
5.011872336272611e+007	1.745267e-011	1.723852e-011	2.725649e-012
5.128613839913534e+007	1.705540e-011	1.684612e-011	2.663605e-012
5.248074602497608e+007	1.666717e-011	1.646266e-011	2.602974e-012
5.370317963702407e+007	1.628778e-011	1.608792e-011	2.543723e-012
5.495408738576122e+007	1.591702e-011	1.572171e-011	2.485821e-012
5.623413251903364e+007	1.555471e-011	1.536384e-011	2.429237e-012
5.754399373371439e+007	1.520064e-011	1.501412e-011	2.373941e-012
5.888436553555757e+007	1.485463e-011	1.467236e-011	2.319903e-012
6.025595860743441e+007	1.451650e-011	1.433837e-011	2.267096e-012
6.165950018614683e+007	1.418606e-011	1.401199e-011	2.215490e-012
6.309573444801790e+007	1.386315e-011	1.369304e-011	2.165060e-012
6.456542290346409e+007	1.354758e-011	1.338135e-011	2.115777e-012
6.606934480075811e+007	1.323920e-011	1.307675e-011	2.067616e-012
6.760829753919666e+007	1.293784e-011	1.277909e-011	2.020551e-012
6.918309709189209e+007	1.264334e-011	1.248820e-011	1.974558e-012
7.079457843841220e+007	1.235554e-011	1.220393e-011	1.929612e-012
7.244359600749739e+007	1.207430e-011	1.192614e-011	1.885688e-012
7.413102413009009e+007	1.179945e-011	1.165467e-011	1.842765e-012
7.585775750291668e+007	1.153086e-011	1.138937e-011	1.800818e-012
7.762471166286743e+007	1.126839e-011	1.113012e-011	1.759827e-012
7.943282347242636e+007	1.101189e-011	1.087677e-011	1.719768e-012
8.128305161640808e+007	1.076123e-011	1.062918e-011	1.680621e-012
8.317637711026521e+007	1.051627e-011	1.038723e-011	1.642366e-012
8.511380382023571e+007	1.027689e-011	1.015079e-011	1.604981e-012
8.709635899560608e+007	1.004296e-011	9.919731e-012	1.568447e-012
8.912509381337252e+007	9.814356e-012	9.693930e-012	1.532745e-012
9.120108393558890e+007	9.590954e-012	9.473269e-012	1.497855e-012
9.332543007969697e+007	9.372637e-012	9.257631e-012	1.463760e-012
9.549925860214141e+007	9.159291e-012	9.046902e-012	1.430441e-012
9.772372209557883e+007	8.950799e-012	8.840970e-012	1.397880e-012
1.000000000000000e+008	8.747054e-012	8.639724e-012	1.366060e-012
