frequency	V(onoise)	V(r1)
1.000000000000000e-001	1.258343e-006	8.037983e-007
1.023292992280754e-001	1.250495e-006	8.037983e-007
1.047128548050900e-001	1.242779e-006	8.037983e-007
1.071519305237607e-001	1.235191e-006	8.037983e-007
1.096478196143185e-001	1.227731e-006	8.037983e-007
1.122018454301964e-001	1.220397e-006	8.037983e-007
1.148153621496883e-001	1.213186e-006	8.037983e-007
1.174897554939530e-001	1.206099e-006	8.037983e-007
1.202264434617413e-001	1.199132e-006	8.037983e-007
1.230268770812382e-001	1.192284e-006	8.037983e-007
1.258925411794167e-001	1.185554e-006	8.037983e-007
1.288249551693134e-001	1.178940e-006	8.037983e-007
1.318256738556407e-001	1.172441e-006	8.037983e-007
1.348962882591653e-001	1.166054e-006	8.037983e-007
1.380384264602884e-001	1.159779e-006	8.037983e-007
1.412537544622754e-001	1.153614e-006	8.037983e-007
1.445439770745927e-001	1.147557e-006	8.037983e-007
1.479108388168207e-001	1.141607e-006	8.037983e-007
1.513561248436207e-001	1.135762e-006	8.037983e-007
1.548816618912480e-001	1.130021e-006	8.037983e-007
1.584893192461112e-001	1.124383e-006	8.037983e-007
1.621810097358929e-001	1.118845e-006	8.037983e-007
1.659586907437559e-001	1.113407e-006	8.037983e-007
1.698243652461743e-001	1.108067e-006	8.037983e-007
1.737800828749374e-001	1.102823e-006	8.037983e-007
1.778279410038921e-001	1.097675e-006	8.037983e-007
1.819700858609982e-001	1.092620e-006	8.037983e-007
1.862087136662866e-001	1.087658e-006	8.037983e-007
1.905460717963245e-001	1.082786e-006	8.037983e-007
1.949844599758043e-001	1.078005e-006	8.037983e-007
1.995262314968878e-001	1.073311e-006	8.037983e-007
2.041737944669527e-001	1.068705e-006	8.037983e-007
2.089296130854037e-001	1.064184e-006	8.037983e-007
2.137962089502230e-001	1.059747e-006	8.037983e-007
2.187761623949550e-001	1.055393e-006	8.037983e-007
2.238721138568337e-001	1.051121e-006	8.037983e-007
2.290867652767770e-001	1.046930e-006	8.037983e-007
2.344228815319919e-001	1.042817e-006	8.037983e-007
2.398832919019487e-001	1.038783e-006	8.037983e-007
2.454708915685027e-001	1.034825e-006	8.037983e-007
2.511886431509577e-001	1.030942e-006	8.037983e-007
2.570395782768861e-001	1.027134e-006	8.037983e-007
2.630267991895379e-001	1.023398e-006	8.037983e-007
2.691534803926912e-001	1.019735e-006	8.037983e-007
2.754228703338163e-001	1.016142e-006	8.037983e-007
2.818382931264450e-001	1.012619e-006	8.037983e-007
2.884031503126602e-001	1.009163e-006	8.037983e-007
2.951209226666382e-001	1.005776e-006	8.037983e-007
3.019951720402012e-001	1.002454e-006	8.037983e-007
3.090295432513586e-001	9.991967e-007	8.037983e-007
3.162277660168375e-001	9.960037e-007	8.037983e-007
3.235936569296278e-001	9.928733e-007	8.037983e-007
3.311311214825907e-001	9.898047e-007	8.037983e-007
3.388441561392021e-001	9.867966e-007	8.037983e-007
3.467368504525312e-001	9.838483e-007	8.037983e-007
3.548133892335750e-001	9.809584e-007	8.037983e-007
3.630780547701009e-001	9.781261e-007	8.037983e-007
3.715352290971720e-001	9.753502e-007	8.037983e-007
3.801893963205607e-001	9.726300e-007	8.037983e-007
3.890451449942800e-001	9.699643e-007	8.037983e-007
3.981071705534967e-001	9.673521e-007	8.037983e-007
4.073802778041121e-001	9.647925e-007	8.037983e-007
4.168693834703348e-001	9.622847e-007	8.037983e-007
4.265795188015920e-001	9.598277e-007	8.037983e-007
4.365158322401653e-001	9.574204e-007	8.037983e-007
4.466835921509624e-001	9.550621e-007	8.037983e-007
4.570881896148742e-001	9.527519e-007	8.037983e-007
4.677351412871974e-001	9.504888e-007	8.037983e-007
4.786300923226375e-001	9.482720e-007	8.037983e-007
4.897788193684454e-001	9.461006e-007	8.037983e-007
5.011872336272715e-001	9.439739e-007	8.037983e-007
5.128613839913641e-001	9.418908e-007	8.037983e-007
5.248074602497718e-001	9.398508e-007	8.037983e-007
5.370317963702519e-001	9.378530e-007	8.037983e-007
5.495408738576236e-001	9.358964e-007	8.037983e-007
5.623413251903481e-001	9.339805e-007	8.037983e-007
5.754399373371559e-001	9.321043e-007	8.037983e-007
5.888436553555879e-001	9.302672e-007	8.037983e-007
6.025595860743567e-001	9.284685e-007	8.037983e-007
6.165950018614811e-001	9.267072e-007	8.037983e-007
6.309573444801921e-001	9.249829e-007	8.037983e-007
6.456542290346544e-001	9.232946e-007	8.037983e-007
6.606934480075949e-001	9.216419e-007	8.037983e-007
6.760829753919806e-001	9.200239e-007	8.037983e-007
6.918309709189353e-001	9.184399e-007	8.037983e-007
7.079457843841367e-001	9.168893e-007	8.037983e-007
7.244359600749888e-001	9.153716e-007	8.037983e-007
7.413102413009162e-001	9.138859e-007	8.037983e-007
7.585775750291823e-001	9.124317e-007	8.037983e-007
7.762471166286903e-001	9.110084e-007	8.037983e-007
7.943282347242799e-001	9.096153e-007	8.037983e-007
8.128305161640976e-001	9.082518e-007	8.037983e-007
8.317637711026693e-001	9.069175e-007	8.037983e-007
8.511380382023747e-001	9.056116e-007	8.037983e-007
8.709635899560788e-001	9.043335e-007	8.037983e-007
8.912509381337437e-001	9.030829e-007	8.037983e-007
9.120108393559078e-001	9.018590e-007	8.037983e-007
9.332543007969890e-001	9.006614e-007	8.037983e-007
9.549925860214339e-001	8.994895e-007	8.037983e-007
9.772372209558086e-001	8.983428e-007	8.037983e-007
9.999999999999978e-001	8.972208e-007	8.037983e-007
1.023292992280752e+000	8.961230e-007	8.037983e-007
1.047128548050897e+000	8.950489e-007	8.037983e-007
1.071519305237604e+000	8.939979e-007	8.037983e-007
1.096478196143182e+000	8.929697e-007	8.037983e-007
1.122018454301961e+000	8.919637e-007	8.037983e-007
1.148153621496880e+000	8.909796e-007	8.037983e-007
1.174897554939527e+000	8.900168e-007	8.037983e-007
1.202264434617410e+000	8.890750e-007	8.037983e-007
1.230268770812378e+000	8.881535e-007	8.037983e-007
1.258925411794164e+000	8.872522e-007	8.037983e-007
1.288249551693131e+000	8.863704e-007	8.037983e-007
1.318256738556404e+000	8.855079e-007	8.037983e-007
1.348962882591650e+000	8.846642e-007	8.037983e-007
1.380384264602881e+000	8.838389e-007	8.037983e-007
1.412537544622750e+000	8.830318e-007	8.037983e-007
1.445439770745923e+000	8.822422e-007	8.037983e-007
1.479108388168203e+000	8.814699e-007	8.037983e-007
1.513561248436204e+000	8.807145e-007	8.037983e-007
1.548816618912477e+000	8.799758e-007	8.037983e-007
1.584893192461109e+000	8.792532e-007	8.037983e-007
1.621810097358925e+000	8.785465e-007	8.037983e-007
1.659586907437555e+000	8.778554e-007	8.037983e-007
1.698243652461739e+000	8.771794e-007	8.037983e-007
1.737800828749370e+000	8.765184e-007	8.037983e-007
1.778279410038917e+000	8.758719e-007	8.037983e-007
1.819700858609977e+000	8.752396e-007	8.037983e-007
1.862087136662861e+000	8.746213e-007	8.037983e-007
1.905460717963241e+000	8.740167e-007	8.037983e-007
1.949844599758039e+000	8.734254e-007	8.037983e-007
1.995262314968873e+000	8.728472e-007	8.037983e-007
2.041737944669523e+000	8.722818e-007	8.037983e-007
2.089296130854033e+000	8.717289e-007	8.037983e-007
2.137962089502225e+000	8.711882e-007	8.037983e-007
2.187761623949545e+000	8.706596e-007	8.037983e-007
2.238721138568332e+000	8.701426e-007	8.037983e-007
2.290867652767766e+000	8.696371e-007	8.037983e-007
2.344228815319914e+000	8.691429e-007	8.037983e-007
2.398832919019482e+000	8.686596e-007	8.037983e-007
2.454708915685022e+000	8.681870e-007	8.037983e-007
2.511886431509572e+000	8.677250e-007	8.037983e-007
2.570395782768855e+000	8.672732e-007	8.037983e-007
2.630267991895373e+000	8.668316e-007	8.037983e-007
2.691534803926906e+000	8.663997e-007	8.037983e-007
2.754228703338157e+000	8.659775e-007	8.037983e-007
2.818382931264444e+000	8.655646e-007	8.037983e-007
2.884031503126595e+000	8.651610e-007	8.037983e-007
2.951209226666375e+000	8.647664e-007	8.037983e-007
3.019951720402005e+000	8.643806e-007	8.037983e-007
3.090295432513579e+000	8.640034e-007	8.037983e-007
3.162277660168367e+000	8.636346e-007	8.037983e-007
3.235936569296270e+000	8.632741e-007	8.037983e-007
3.311311214825898e+000	8.629216e-007	8.037983e-007
3.388441561392012e+000	8.625771e-007	8.037983e-007
3.467368504525302e+000	8.622402e-007	8.037983e-007
3.548133892335740e+000	8.619109e-007	8.037983e-007
3.630780547700999e+000	8.615889e-007	8.037983e-007
3.715352290971711e+000	8.612742e-007	8.037983e-007
3.801893963205597e+000	8.609665e-007	8.037983e-007
3.890451449942790e+000	8.606657e-007	8.037982e-007
3.981071705534956e+000	8.603716e-007	8.037982e-007
4.073802778041110e+000	8.600842e-007	8.037982e-007
4.168693834703337e+000	8.598032e-007	8.037982e-007
4.265795188015909e+000	8.595285e-007	8.037982e-007
4.365158322401642e+000	8.592600e-007	8.037982e-007
4.466835921509612e+000	8.589975e-007	8.037982e-007
4.570881896148731e+000	8.587409e-007	8.037982e-007
4.677351412871962e+000	8.584901e-007	8.037982e-007
4.786300923226363e+000	8.582449e-007	8.037982e-007
4.897788193684440e+000	8.580052e-007	8.037982e-007
5.011872336272701e+000	8.577709e-007	8.037982e-007
5.128613839913625e+000	8.575419e-007	8.037982e-007
5.248074602497702e+000	8.573180e-007	8.037982e-007
5.370317963702503e+000	8.570992e-007	8.037982e-007
5.495408738576220e+000	8.568853e-007	8.037982e-007
5.623413251903465e+000	8.566763e-007	8.037981e-007
5.754399373371542e+000	8.564718e-007	8.037981e-007
5.888436553555861e+000	8.562721e-007	8.037981e-007
6.025595860743549e+000	8.560768e-007	8.037981e-007
6.165950018614792e+000	8.558860e-007	8.037981e-007
6.309573444801902e+000	8.556994e-007	8.037981e-007
6.456542290346524e+000	8.555170e-007	8.037981e-007
6.606934480075928e+000	8.553388e-007	8.037981e-007
6.760829753919785e+000	8.551646e-007	8.037981e-007
6.918309709189331e+000	8.549943e-007	8.037980e-007
7.079457843841344e+000	8.548278e-007	8.037980e-007
7.244359600749864e+000	8.546651e-007	8.037980e-007
7.413102413009137e+000	8.545061e-007	8.037979e-007
7.585775750291798e+000	8.543507e-007	8.037979e-007
7.762471166286877e+000	8.541987e-007	8.037979e-007
7.943282347242774e+000	8.540503e-007	8.037979e-007
8.128305161640951e+000	8.539051e-007	8.037979e-007
8.317637711026666e+000	8.537633e-007	8.037979e-007
8.511380382023720e+000	8.536246e-007	8.037978e-007
8.709635899560761e+000	8.534890e-007	8.037978e-007
8.912509381337408e+000	8.533566e-007	8.037978e-007
9.120108393559049e+000	8.532271e-007	8.037978e-007
9.332543007969861e+000	8.531006e-007	8.037977e-007
9.549925860214309e+000	8.529769e-007	8.037977e-007
9.772372209558055e+000	8.528560e-007	8.037977e-007
9.999999999999947e+000	8.527379e-007	8.037977e-007
1.023292992280749e+001	8.526224e-007	8.037976e-007
1.047128548050894e+001	8.525095e-007	8.037975e-007
1.071519305237601e+001	8.523992e-007	8.037975e-007
1.096478196143179e+001	8.522914e-007	8.037975e-007
1.122018454301957e+001	8.521860e-007	8.037974e-007
1.148153621496876e+001	8.520830e-007	8.037974e-007
1.174897554939523e+001	8.519823e-007	8.037974e-007
1.202264434617406e+001	8.518840e-007	8.037973e-007
1.230268770812375e+001	8.517878e-007	8.037973e-007
1.258925411794160e+001	8.516938e-007	8.037972e-007
1.288249551693127e+001	8.516019e-007	8.037971e-007
1.318256738556400e+001	8.515121e-007	8.037971e-007
1.348962882591646e+001	8.514244e-007	8.037970e-007
1.380384264602877e+001	8.513386e-007	8.037970e-007
1.412537544622746e+001	8.512548e-007	8.037969e-007
1.445439770745919e+001	8.511728e-007	8.037969e-007
1.479108388168199e+001	8.510927e-007	8.037968e-007
1.513561248436199e+001	8.510144e-007	8.037967e-007
1.548816618912472e+001	8.509380e-007	8.037966e-007
1.584893192461104e+001	8.508632e-007	8.037965e-007
1.621810097358920e+001	8.507901e-007	8.037965e-007
1.659586907437550e+001	8.507187e-007	8.037964e-007
1.698243652461734e+001	8.506488e-007	8.037963e-007
1.737800828749365e+001	8.505806e-007	8.037962e-007
1.778279410038912e+001	8.505139e-007	8.037961e-007
1.819700858609972e+001	8.504487e-007	8.037960e-007
1.862087136662855e+001	8.503849e-007	8.037958e-007
1.905460717963235e+001	8.503227e-007	8.037957e-007
1.949844599758032e+001	8.502618e-007	8.037956e-007
1.995262314968866e+001	8.502023e-007	8.037955e-007
2.041737944669515e+001	8.501441e-007	8.037953e-007
2.089296130854025e+001	8.500872e-007	8.037952e-007
2.137962089502218e+001	8.500317e-007	8.037950e-007
2.187761623949537e+001	8.499774e-007	8.037949e-007
2.238721138568324e+001	8.499243e-007	8.037948e-007
2.290867652767757e+001	8.498724e-007	8.037946e-007
2.344228815319906e+001	8.498216e-007	8.037944e-007
2.398832919019474e+001	8.497720e-007	8.037942e-007
2.454708915685013e+001	8.497235e-007	8.037940e-007
2.511886431509563e+001	8.496761e-007	8.037938e-007
2.570395782768846e+001	8.496298e-007	8.037936e-007
2.630267991895363e+001	8.495845e-007	8.037933e-007
2.691534803926897e+001	8.495402e-007	8.037931e-007
2.754228703338147e+001	8.494969e-007	8.037929e-007
2.818382931264434e+001	8.494546e-007	8.037926e-007
2.884031503126585e+001	8.494132e-007	8.037924e-007
2.951209226666364e+001	8.493727e-007	8.037921e-007
3.019951720401994e+001	8.493332e-007	8.037917e-007
3.090295432513568e+001	8.492945e-007	8.037915e-007
3.162277660168356e+001	8.492566e-007	8.037911e-007
3.235936569296258e+001	8.492196e-007	8.037908e-007
3.311311214825886e+001	8.491834e-007	8.037904e-007
3.388441561392000e+001	8.491481e-007	8.037900e-007
3.467368504525290e+001	8.491135e-007	8.037897e-007
3.548133892335728e+001	8.490796e-007	8.037892e-007
3.630780547700986e+001	8.490465e-007	8.037889e-007
3.715352290971697e+001	8.490141e-007	8.037884e-007
3.801893963205583e+001	8.489824e-007	8.037879e-007
3.890451449942776e+001	8.489515e-007	8.037874e-007
3.981071705534941e+001	8.489211e-007	8.037869e-007
4.073802778041095e+001	8.488915e-007	8.037863e-007
4.168693834703321e+001	8.488624e-007	8.037858e-007
4.265795188015893e+001	8.488340e-007	8.037852e-007
4.365158322401625e+001	8.488062e-007	8.037846e-007
4.466835921509595e+001	8.487790e-007	8.037840e-007
4.570881896148713e+001	8.487523e-007	8.037833e-007
4.677351412871944e+001	8.487262e-007	8.037825e-007
4.786300923226344e+001	8.487007e-007	8.037818e-007
4.897788193684422e+001	8.486757e-007	8.037811e-007
5.011872336272682e+001	8.486512e-007	8.037802e-007
5.128613839913606e+001	8.486272e-007	8.037794e-007
5.248074602497682e+001	8.486037e-007	8.037785e-007
5.370317963702482e+001	8.485807e-007	8.037775e-007
5.495408738576199e+001	8.485581e-007	8.037766e-007
5.623413251903443e+001	8.485359e-007	8.037755e-007
5.754399373371521e+001	8.485142e-007	8.037745e-007
5.888436553555840e+001	8.484930e-007	8.037733e-007
6.025595860743526e+001	8.484721e-007	8.037722e-007
6.165950018614769e+001	8.484516e-007	8.037709e-007
6.309573444801878e+001	8.484315e-007	8.037696e-007
6.456542290346499e+001	8.484117e-007	8.037683e-007
6.606934480075903e+001	8.483923e-007	8.037669e-007
6.760829753919759e+001	8.483733e-007	8.037654e-007
6.918309709189305e+001	8.483546e-007	8.037638e-007
7.079457843841317e+001	8.483362e-007	8.037622e-007
7.244359600749837e+001	8.483181e-007	8.037605e-007
7.413102413009111e+001	8.483003e-007	8.037588e-007
7.585775750291771e+001	8.482828e-007	8.037569e-007
7.762471166286849e+001	8.482655e-007	8.037550e-007
7.943282347242744e+001	8.482485e-007	8.037529e-007
8.128305161640920e+001	8.482318e-007	8.037508e-007
8.317637711026636e+001	8.482153e-007	8.037485e-007
8.511380382023688e+001	8.481990e-007	8.037462e-007
8.709635899560728e+001	8.481829e-007	8.037438e-007
8.912509381337374e+001	8.481670e-007	8.037412e-007
9.120108393559013e+001	8.481513e-007	8.037385e-007
9.332543007969824e+001	8.481358e-007	8.037357e-007
9.549925860214270e+001	8.481204e-007	8.037327e-007
9.772372209558016e+001	8.481052e-007	8.037297e-007
9.999999999999906e+001	8.480901e-007	8.037265e-007
1.023292992280745e+002	8.480751e-007	8.037231e-007
1.047128548050890e+002	8.480602e-007	8.037196e-007
1.071519305237596e+002	8.480454e-007	8.037159e-007
1.096478196143175e+002	8.480307e-007	8.037121e-007
1.122018454301953e+002	8.480161e-007	8.037080e-007
1.148153621496872e+002	8.480015e-007	8.037038e-007
1.174897554939518e+002	8.479870e-007	8.036994e-007
1.202264434617402e+002	8.479724e-007	8.036947e-007
1.230268770812370e+002	8.479579e-007	8.036899e-007
1.258925411794155e+002	8.479435e-007	8.036848e-007
1.288249551693122e+002	8.479290e-007	8.036795e-007
1.318256738556394e+002	8.479144e-007	8.036740e-007
1.348962882591640e+002	8.478997e-007	8.036682e-007
1.380384264602871e+002	8.478851e-007	8.036621e-007
1.412537544622740e+002	8.478703e-007	8.036558e-007
1.445439770745913e+002	8.478555e-007	8.036492e-007
1.479108388168193e+002	8.478405e-007	8.036422e-007
1.513561248436193e+002	8.478253e-007	8.036350e-007
1.548816618912466e+002	8.478100e-007	8.036274e-007
1.584893192461097e+002	8.477946e-007	8.036195e-007
1.621810097358913e+002	8.477789e-007	8.036111e-007
1.659586907437543e+002	8.477631e-007	8.036025e-007
1.698243652461727e+002	8.477470e-007	8.035934e-007
1.737800828749357e+002	8.477307e-007	8.035839e-007
1.778279410038904e+002	8.477140e-007	8.035740e-007
1.819700858609964e+002	8.476972e-007	8.035636e-007
1.862087136662848e+002	8.476799e-007	8.035528e-007
1.905460717963227e+002	8.476623e-007	8.035414e-007
1.949844599758025e+002	8.476443e-007	8.035296e-007
1.995262314968859e+002	8.476260e-007	8.035172e-007
2.041737944669508e+002	8.476072e-007	8.035043e-007
2.089296130854017e+002	8.475880e-007	8.034908e-007
2.137962089502209e+002	8.475683e-007	8.034767e-007
2.187761623949529e+002	8.475482e-007	8.034619e-007
2.238721138568316e+002	8.475274e-007	8.034465e-007
2.290867652767749e+002	8.475061e-007	8.034305e-007
2.344228815319897e+002	8.474842e-007	8.034137e-007
2.398832919019465e+002	8.474617e-007	8.033962e-007
2.454708915685004e+002	8.474386e-007	8.033779e-007
2.511886431509553e+002	8.474147e-007	8.033588e-007
2.570395782768836e+002	8.473901e-007	8.033389e-007
2.630267991895354e+002	8.473648e-007	8.033181e-007
2.691534803926887e+002	8.473386e-007	8.032964e-007
2.754228703338137e+002	8.473116e-007	8.032738e-007
2.818382931264423e+002	8.472838e-007	8.032502e-007
2.884031503126574e+002	8.472550e-007	8.032256e-007
2.951209226666354e+002	8.472253e-007	8.032000e-007
3.019951720401983e+002	8.471946e-007	8.031732e-007
3.090295432513557e+002	8.471628e-007	8.031454e-007
3.162277660168345e+002	8.471300e-007	8.031163e-007
3.235936569296247e+002	8.470960e-007	8.030861e-007
3.311311214825875e+002	8.470609e-007	8.030546e-007
3.388441561391988e+002	8.470245e-007	8.030219e-007
3.467368504525278e+002	8.469869e-007	8.029877e-007
3.548133892335715e+002	8.469480e-007	8.029522e-007
3.630780547700973e+002	8.469077e-007	8.029153e-007
3.715352290971684e+002	8.468660e-007	8.028769e-007
3.801893963205569e+002	8.468228e-007	8.028369e-007
3.890451449942762e+002	8.467782e-007	8.027954e-007
3.981071705534927e+002	8.467320e-007	8.027523e-007
4.073802778041081e+002	8.466841e-007	8.027074e-007
4.168693834703306e+002	8.466347e-007	8.026609e-007
4.265795188015877e+002	8.465835e-007	8.026126e-007
4.365158322401609e+002	8.465306e-007	8.025625e-007
4.466835921509579e+002	8.464758e-007	8.025104e-007
4.570881896148697e+002	8.464192e-007	8.024566e-007
4.677351412871927e+002	8.463606e-007	8.024007e-007
4.786300923226327e+002	8.463002e-007	8.023428e-007
4.897788193684405e+002	8.462377e-007	8.022829e-007
5.011872336272664e+002	8.461732e-007	8.022208e-007
5.128613839913588e+002	8.461066e-007	8.021567e-007
5.248074602497665e+002	8.460378e-007	8.020903e-007
5.370317963702464e+002	8.459670e-007	8.020218e-007
5.495408738576181e+002	8.458938e-007	8.019509e-007
5.623413251903425e+002	8.458184e-007	8.018778e-007
5.754399373371501e+002	8.457408e-007	8.018023e-007
5.888436553555820e+002	8.456608e-007	8.017246e-007
6.025595860743506e+002	8.455785e-007	8.016444e-007
6.165950018614748e+002	8.454938e-007	8.015618e-007
6.309573444801856e+002	8.454068e-007	8.014768e-007
6.456542290346476e+002	8.453174e-007	8.013894e-007
6.606934480075879e+002	8.452255e-007	8.012995e-007
6.760829753919735e+002	8.451313e-007	8.012071e-007
6.918309709189280e+002	8.450347e-007	8.011124e-007
7.079457843841292e+002	8.449356e-007	8.010152e-007
7.244359600749812e+002	8.448341e-007	8.009155e-007
7.413102413009084e+002	8.447303e-007	8.008135e-007
7.585775750291745e+002	8.446241e-007	8.007091e-007
7.762471166286822e+002	8.445156e-007	8.006023e-007
7.943282347242717e+002	8.444048e-007	8.004932e-007
8.128305161640892e+002	8.442918e-007	8.003818e-007
8.317637711026607e+002	8.441765e-007	8.002681e-007
8.511380382023659e+002	8.440591e-007	8.001523e-007
8.709635899560698e+002	8.439397e-007	8.000345e-007
8.912509381337344e+002	8.438182e-007	7.999145e-007
9.120108393558983e+002	8.436948e-007	7.997926e-007
9.332543007969792e+002	8.435696e-007	7.996688e-007
9.549925860214238e+002	8.434425e-007	7.995433e-007
9.772372209557982e+002	8.433139e-007	7.994160e-007
9.999999999999872e+002	8.431836e-007	7.992871e-007
1.023292992280741e+003	8.430520e-007	7.991568e-007
1.047128548050886e+003	8.429190e-007	7.990251e-007
1.071519305237592e+003	8.427847e-007	7.988922e-007
1.096478196143171e+003	8.426494e-007	7.987582e-007
1.122018454301949e+003	8.425131e-007	7.986231e-007
1.148153621496868e+003	8.423760e-007	7.984872e-007
1.174897554939514e+003	8.422382e-007	7.983506e-007
1.202264434617397e+003	8.420998e-007	7.982134e-007
1.230268770812365e+003	8.419610e-007	7.980757e-007
1.258925411794151e+003	8.418220e-007	7.979378e-007
1.288249551693117e+003	8.416829e-007	7.977998e-007
1.318256738556389e+003	8.415437e-007	7.976617e-007
1.348962882591635e+003	8.414048e-007	7.975237e-007
1.380384264602866e+003	8.412662e-007	7.973861e-007
1.412537544622735e+003	8.411280e-007	7.972490e-007
1.445439770745908e+003	8.409904e-007	7.971123e-007
1.479108388168187e+003	8.408536e-007	7.969764e-007
1.513561248436188e+003	8.407177e-007	7.968414e-007
1.548816618912460e+003	8.405828e-007	7.967073e-007
1.584893192461092e+003	8.404490e-007	7.965743e-007
1.621810097358908e+003	8.403165e-007	7.964426e-007
1.659586907437538e+003	8.401854e-007	7.963123e-007
1.698243652461721e+003	8.400558e-007	7.961835e-007
1.737800828749352e+003	8.399278e-007	7.960562e-007
1.778279410038899e+003	8.398015e-007	7.959306e-007
1.819700858609959e+003	8.396771e-007	7.958068e-007
1.862087136662842e+003	8.395545e-007	7.956849e-007
1.905460717963221e+003	8.394339e-007	7.955649e-007
1.949844599758018e+003	8.393154e-007	7.954469e-007
1.995262314968852e+003	8.391991e-007	7.953311e-007
2.041737944669501e+003	8.390849e-007	7.952174e-007
2.089296130854011e+003	8.389729e-007	7.951060e-007
2.137962089502203e+003	8.388633e-007	7.949968e-007
2.187761623949522e+003	8.387560e-007	7.948899e-007
2.238721138568309e+003	8.386511e-007	7.947854e-007
2.290867652767741e+003	8.385487e-007	7.946833e-007
2.344228815319890e+003	8.384486e-007	7.945835e-007
2.398832919019457e+003	8.383510e-007	7.944862e-007
2.454708915684996e+003	8.382559e-007	7.943913e-007
2.511886431509545e+003	8.381632e-007	7.942988e-007
2.570395782768828e+003	8.380730e-007	7.942089e-007
2.630267991895345e+003	8.379853e-007	7.941213e-007
2.691534803926878e+003	8.379000e-007	7.940361e-007
2.754228703338128e+003	8.378172e-007	7.939533e-007
2.818382931264414e+003	8.377368e-007	7.938729e-007
2.884031503126565e+003	8.376588e-007	7.937949e-007
2.951209226666344e+003	8.375832e-007	7.937192e-007
3.019951720401973e+003	8.375099e-007	7.936458e-007
3.090295432513546e+003	8.374389e-007	7.935747e-007
3.162277660168334e+003	8.373702e-007	7.935059e-007
3.235936569296236e+003	8.373038e-007	7.934392e-007
3.311311214825863e+003	8.372396e-007	7.933747e-007
3.388441561391976e+003	8.371775e-007	7.933123e-007
3.467368504525266e+003	8.371176e-007	7.932520e-007
3.548133892335703e+003	8.370598e-007	7.931937e-007
3.630780547700960e+003	8.370039e-007	7.931375e-007
3.715352290971671e+003	8.369501e-007	7.930831e-007
3.801893963205556e+003	8.368982e-007	7.930306e-007
3.890451449942748e+003	8.368482e-007	7.929800e-007
3.981071705534913e+003	8.368000e-007	7.929311e-007
4.073802778041067e+003	8.367537e-007	7.928841e-007
4.168693834703292e+003	8.367091e-007	7.928386e-007
4.265795188015863e+003	8.366662e-007	7.927949e-007
4.365158322401594e+003	8.366250e-007	7.927526e-007
4.466835921509563e+003	8.365853e-007	7.927120e-007
4.570881896148680e+003	8.365472e-007	7.926728e-007
4.677351412871911e+003	8.365107e-007	7.926351e-007
4.786300923226310e+003	8.364756e-007	7.925988e-007
4.897788193684387e+003	8.364419e-007	7.925638e-007
5.011872336272646e+003	8.364096e-007	7.925301e-007
5.128613839913570e+003	8.363787e-007	7.924976e-007
5.248074602497645e+003	8.363490e-007	7.924664e-007
5.370317963702444e+003	8.363206e-007	7.924363e-007
5.495408738576160e+003	8.362934e-007	7.924073e-007
5.623413251903404e+003	8.362674e-007	7.923794e-007
5.754399373371480e+003	8.362425e-007	7.923525e-007
5.888436553555798e+003	8.362186e-007	7.923267e-007
6.025595860743483e+003	8.361959e-007	7.923017e-007
6.165950018614725e+003	8.361742e-007	7.922777e-007
6.309573444801834e+003	8.361535e-007	7.922545e-007
6.456542290346454e+003	8.361337e-007	7.922321e-007
6.606934480075856e+003	8.361149e-007	7.922105e-007
6.760829753919711e+003	8.360969e-007	7.921897e-007
6.918309709189256e+003	8.360799e-007	7.921696e-007
7.079457843841267e+003	8.360636e-007	7.921502e-007
7.244359600749786e+003	8.360482e-007	7.921314e-007
7.413102413009058e+003	8.360336e-007	7.921132e-007
7.585775750291718e+003	8.360197e-007	7.920956e-007
7.762471166286794e+003	8.360066e-007	7.920786e-007
7.943282347242689e+003	8.359942e-007	7.920621e-007
8.128305161640863e+003	8.359824e-007	7.920461e-007
8.317637711026577e+003	8.359714e-007	7.920305e-007
8.511380382023628e+003	8.359609e-007	7.920153e-007
8.709635899560666e+003	8.359512e-007	7.920006e-007
8.912509381337311e+003	8.359420e-007	7.919862e-007
9.120108393558950e+003	8.359335e-007	7.919722e-007
9.332543007969760e+003	8.359255e-007	7.919585e-007
9.549925860214205e+003	8.359181e-007	7.919451e-007
9.772372209557949e+003	8.359112e-007	7.919319e-007
9.999999999999838e+003	8.359049e-007	7.919190e-007
1.023292992280738e+004	8.358992e-007	7.919063e-007
1.047128548050883e+004	8.358940e-007	7.918938e-007
1.071519305237589e+004	8.358892e-007	7.918814e-007
1.096478196143167e+004	8.358850e-007	7.918692e-007
1.122018454301945e+004	8.358813e-007	7.918571e-007
1.148153621496864e+004	8.358780e-007	7.918451e-007
1.174897554939510e+004	8.358753e-007	7.918331e-007
1.202264434617393e+004	8.358730e-007	7.918212e-007
1.230268770812361e+004	8.358713e-007	7.918093e-007
1.258925411794147e+004	8.358700e-007	7.917974e-007
1.288249551693113e+004	8.358691e-007	7.917855e-007
1.318256738556385e+004	8.358688e-007	7.917735e-007
1.348962882591631e+004	8.358689e-007	7.917614e-007
1.380384264602862e+004	8.358695e-007	7.917492e-007
1.412537544622731e+004	8.358705e-007	7.917369e-007
1.445439770745904e+004	8.358721e-007	7.917245e-007
1.479108388168183e+004	8.358741e-007	7.917118e-007
1.513561248436183e+004	8.358766e-007	7.916989e-007
1.548816618912456e+004	8.358796e-007	7.916858e-007
1.584893192461087e+004	8.358831e-007	7.916724e-007
1.621810097358903e+004	8.358871e-007	7.916587e-007
1.659586907437533e+004	8.358916e-007	7.916448e-007
1.698243652461716e+004	8.358967e-007	7.916304e-007
1.737800828749346e+004	8.359023e-007	7.916157e-007
1.778279410038893e+004	8.359085e-007	7.916006e-007
1.819700858609953e+004	8.359151e-007	7.915850e-007
1.862087136662836e+004	8.359224e-007	7.915690e-007
1.905460717963215e+004	8.359303e-007	7.915524e-007
1.949844599758012e+004	8.359387e-007	7.915353e-007
1.995262314968846e+004	8.359478e-007	7.915176e-007
2.041737944669495e+004	8.359576e-007	7.914993e-007
2.089296130854004e+004	8.359680e-007	7.914804e-007
2.137962089502196e+004	8.359791e-007	7.914607e-007
2.187761623949515e+004	8.359909e-007	7.914403e-007
2.238721138568302e+004	8.360035e-007	7.914191e-007
2.290867652767734e+004	8.360168e-007	7.913971e-007
2.344228815319882e+004	8.360309e-007	7.913742e-007
2.398832919019449e+004	8.360458e-007	7.913504e-007
2.454708915684988e+004	8.360616e-007	7.913256e-007
2.511886431509537e+004	8.360783e-007	7.912998e-007
2.570395782768820e+004	8.360959e-007	7.912730e-007
2.630267991895336e+004	8.361145e-007	7.912449e-007
2.691534803926869e+004	8.361340e-007	7.912158e-007
2.754228703338119e+004	8.361546e-007	7.911853e-007
2.818382931264405e+004	8.361762e-007	7.911535e-007
2.884031503126556e+004	8.361990e-007	7.911203e-007
2.951209226666335e+004	8.362230e-007	7.910857e-007
3.019951720401964e+004	8.362482e-007	7.910496e-007
3.090295432513537e+004	8.362747e-007	7.910118e-007
3.162277660168324e+004	8.363025e-007	7.909723e-007
3.235936569296226e+004	8.363317e-007	7.909311e-007
3.311311214825853e+004	8.363623e-007	7.908881e-007
3.388441561391966e+004	8.363945e-007	7.908430e-007
3.467368504525255e+004	8.364282e-007	7.907960e-007
3.548133892335692e+004	8.364636e-007	7.907468e-007
3.630780547700949e+004	8.365008e-007	7.906953e-007
3.715352290971659e+004	8.365396e-007	7.906415e-007
3.801893963205544e+004	8.365805e-007	7.905853e-007
3.890451449942737e+004	8.366232e-007	7.905264e-007
3.981071705534901e+004	8.366681e-007	7.904649e-007
4.073802778041054e+004	8.367150e-007	7.904005e-007
4.168693834703279e+004	8.367642e-007	7.903331e-007
4.265795188015849e+004	8.368157e-007	7.902626e-007
4.365158322401581e+004	8.368697e-007	7.901889e-007
4.466835921509550e+004	8.369263e-007	7.901118e-007
4.570881896148667e+004	8.369856e-007	7.900310e-007
4.677351412871897e+004	8.370476e-007	7.899466e-007
4.786300923226296e+004	8.371126e-007	7.898582e-007
4.897788193684373e+004	8.371806e-007	7.897657e-007
5.011872336272631e+004	8.372518e-007	7.896689e-007
5.128613839913555e+004	8.373263e-007	7.895677e-007
5.248074602497630e+004	8.374043e-007	7.894616e-007
5.370317963702428e+004	8.374860e-007	7.893507e-007
5.495408738576144e+004	8.375715e-007	7.892346e-007
5.623413251903386e+004	8.376609e-007	7.891131e-007
5.754399373371462e+004	8.377546e-007	7.889860e-007
5.888436553555779e+004	8.378525e-007	7.888529e-007
6.025595860743464e+004	8.379550e-007	7.887136e-007
6.165950018614706e+004	8.380622e-007	7.885679e-007
6.309573444801814e+004	8.381744e-007	7.884153e-007
6.456542290346434e+004	8.382918e-007	7.882557e-007
6.606934480075835e+004	8.384145e-007	7.880886e-007
6.760829753919689e+004	8.385429e-007	7.879138e-007
6.918309709189233e+004	8.386772e-007	7.877308e-007
7.079457843841244e+004	8.388176e-007	7.875394e-007
7.244359600749762e+004	8.389645e-007	7.873390e-007
7.413102413009033e+004	8.391181e-007	7.871293e-007
7.585775750291692e+004	8.392786e-007	7.869098e-007
7.762471166286769e+004	8.394466e-007	7.866802e-007
7.943282347242662e+004	8.396220e-007	7.864400e-007
8.128305161640835e+004	8.398055e-007	7.861885e-007
8.317637711026549e+004	8.399971e-007	7.859255e-007
8.511380382023599e+004	8.401975e-007	7.856502e-007
8.709635899560637e+004	8.404069e-007	7.853623e-007
8.912509381337282e+004	8.406256e-007	7.850609e-007
9.120108393558920e+004	8.408542e-007	7.847457e-007
9.332543007969728e+004	8.410929e-007	7.844159e-007
9.549925860214172e+004	8.413423e-007	7.840709e-007
9.772372209557916e+004	8.416027e-007	7.837100e-007
9.999999999999804e+004	8.418747e-007	7.833325e-007
1.023292992280734e+005	8.421587e-007	7.829375e-007
1.047128548050879e+005	8.424551e-007	7.825245e-007
1.071519305237585e+005	8.427646e-007	7.820925e-007
1.096478196143163e+005	8.430875e-007	7.816407e-007
1.122018454301941e+005	8.434245e-007	7.811682e-007
1.148153621496860e+005	8.437761e-007	7.806741e-007
1.174897554939506e+005	8.441428e-007	7.801574e-007
1.202264434617389e+005	8.445253e-007	7.796172e-007
1.230268770812357e+005	8.449242e-007	7.790524e-007
1.258925411794142e+005	8.453400e-007	7.784619e-007
1.288249551693108e+005	8.457733e-007	7.778445e-007
1.318256738556380e+005	8.462250e-007	7.771993e-007
1.348962882591626e+005	8.466956e-007	7.765248e-007
1.380384264602857e+005	8.471857e-007	7.758198e-007
1.412537544622725e+005	8.476961e-007	7.750832e-007
1.445439770745898e+005	8.482275e-007	7.743134e-007
1.479108388168177e+005	8.487806e-007	7.735091e-007
1.513561248436177e+005	8.493561e-007	7.726688e-007
1.548816618912449e+005	8.499547e-007	7.717910e-007
1.584893192461081e+005	8.505771e-007	7.708740e-007
1.621810097358896e+005	8.512242e-007	7.699164e-007
1.659586907437526e+005	8.518967e-007	7.689163e-007
1.698243652461709e+005	8.525952e-007	7.678721e-007
1.737800828749339e+005	8.533206e-007	7.667819e-007
1.778279410038886e+005	8.540736e-007	7.656438e-007
1.819700858609946e+005	8.548548e-007	7.644560e-007
1.862087136662829e+005	8.556651e-007	7.632164e-007
1.905460717963207e+005	8.565052e-007	7.619230e-007
1.949844599758005e+005	8.573757e-007	7.605736e-007
1.995262314968838e+005	8.582772e-007	7.591660e-007
2.041737944669486e+005	8.592104e-007	7.576980e-007
2.089296130853995e+005	8.601760e-007	7.561674e-007
2.137962089502187e+005	8.611744e-007	7.545716e-007
2.187761623949506e+005	8.622063e-007	7.529083e-007
2.238721138568292e+005	8.632719e-007	7.511749e-007
2.290867652767724e+005	8.643717e-007	7.493689e-007
2.344228815319872e+005	8.655061e-007	7.474877e-007
2.398832919019439e+005	8.666754e-007	7.455285e-007
2.454708915684978e+005	8.678796e-007	7.434887e-007
2.511886431509526e+005	8.691189e-007	7.413654e-007
2.570395782768809e+005	8.703933e-007	7.391558e-007
2.630267991895325e+005	8.717025e-007	7.368570e-007
2.691534803926857e+005	8.730464e-007	7.344660e-007
2.754228703338107e+005	8.744246e-007	7.319800e-007
2.818382931264393e+005	8.758365e-007	7.293958e-007
2.884031503126543e+005	8.772814e-007	7.267106e-007
2.951209226666322e+005	8.787585e-007	7.239211e-007
3.019951720401950e+005	8.802667e-007	7.210244e-007
3.090295432513523e+005	8.818049e-007	7.180174e-007
3.162277660168310e+005	8.833715e-007	7.148970e-007
3.235936569296212e+005	8.849649e-007	7.116602e-007
3.311311214825838e+005	8.865832e-007	7.083038e-007
3.388441561391951e+005	8.882244e-007	7.048250e-007
3.467368504525240e+005	8.898861e-007	7.012208e-007
3.548133892335676e+005	8.915654e-007	6.974881e-007
3.630780547700933e+005	8.932598e-007	6.936244e-007
3.715352290971643e+005	8.949658e-007	6.896266e-007
3.801893963205527e+005	8.966799e-007	6.854922e-007
3.890451449942719e+005	8.983984e-007	6.812186e-007
3.981071705534884e+005	9.001172e-007	6.768034e-007
4.073802778041036e+005	9.018318e-007	6.722443e-007
4.168693834703261e+005	9.035374e-007	6.675390e-007
4.265795188015831e+005	9.052290e-007	6.626858e-007
4.365158322401562e+005	9.069011e-007	6.576827e-007
4.466835921509531e+005	9.085480e-007	6.525283e-007
4.570881896148648e+005	9.101635e-007	6.472210e-007
4.677351412871877e+005	9.117414e-007	6.417600e-007
4.786300923226276e+005	9.132747e-007	6.361443e-007
4.897788193684352e+005	9.147566e-007	6.303732e-007
5.011872336272610e+005	9.161795e-007	6.244466e-007
5.128613839913533e+005	9.175361e-007	6.183644e-007
5.248074602497608e+005	9.188183e-007	6.121271e-007
5.370317963702406e+005	9.200179e-007	6.057352e-007
5.495408738576121e+005	9.211267e-007	5.991898e-007
5.623413251903363e+005	9.221361e-007	5.924925e-007
5.754399373371438e+005	9.230372e-007	5.856449e-007
5.888436553555755e+005	9.238214e-007	5.786492e-007
6.025595860743440e+005	9.244795e-007	5.715079e-007
6.165950018614681e+005	9.250026e-007	5.642243e-007
6.309573444801788e+005	9.253815e-007	5.568014e-007
6.456542290346407e+005	9.256071e-007	5.492431e-007
6.606934480075808e+005	9.256705e-007	5.415537e-007
6.760829753919662e+005	9.255626e-007	5.337378e-007
6.918309709189205e+005	9.252748e-007	5.258004e-007
7.079457843841215e+005	9.247984e-007	5.177469e-007
7.244359600749733e+005	9.241251e-007	5.095831e-007
7.413102413009004e+005	9.232467e-007	5.013152e-007
7.585775750291662e+005	9.221554e-007	4.929497e-007
7.762471166286737e+005	9.208441e-007	4.844936e-007
7.943282347242631e+005	9.193055e-007	4.759540e-007
8.128305161640804e+005	9.175333e-007	4.673385e-007
8.317637711026516e+005	9.155214e-007	4.586548e-007
8.511380382023566e+005	9.132643e-007	4.499110e-007
8.709635899560602e+005	9.107574e-007	4.411154e-007
8.912509381337245e+005	9.079961e-007	4.322765e-007
9.120108393558882e+005	9.049771e-007	4.234029e-007
9.332543007969690e+005	9.016973e-007	4.145033e-007
9.549925860214133e+005	8.981544e-007	4.055868e-007
9.772372209557875e+005	8.943471e-007	3.966621e-007
9.999999999999763e+005	8.902744e-007	3.877383e-007
1.023292992280730e+006	8.859363e-007	3.788242e-007
1.047128548050875e+006	8.813336e-007	3.699290e-007
1.071519305237581e+006	8.764677e-007	3.610612e-007
1.096478196143159e+006	8.713406e-007	3.522299e-007
1.122018454301937e+006	8.659554e-007	3.434434e-007
1.148153621496855e+006	8.603157e-007	3.347103e-007
1.174897554939502e+006	8.544257e-007	3.260387e-007
1.202264434617384e+006	8.482904e-007	3.174366e-007
1.230268770812352e+006	8.419156e-007	3.089119e-007
1.258925411794137e+006	8.353073e-007	3.004718e-007
1.288249551693103e+006	8.284725e-007	2.921234e-007
1.318256738556376e+006	8.214186e-007	2.838738e-007
1.348962882591621e+006	8.141533e-007	2.757291e-007
1.380384264602852e+006	8.066850e-007	2.676956e-007
1.412537544622720e+006	7.990226e-007	2.597789e-007
1.445439770745893e+006	7.911751e-007	2.519843e-007
1.479108388168172e+006	7.831519e-007	2.443168e-007
1.513561248436171e+006	7.749628e-007	2.367808e-007
1.548816618912444e+006	7.666179e-007	2.293805e-007
1.584893192461075e+006	7.581271e-007	2.221195e-007
1.621810097358890e+006	7.495008e-007	2.150011e-007
1.659586907437520e+006	7.407494e-007	2.080282e-007
1.698243652461703e+006	7.318834e-007	2.012033e-007
1.737800828749333e+006	7.229131e-007	1.945284e-007
1.778279410038879e+006	7.138489e-007	1.880053e-007
1.819700858609939e+006	7.047011e-007	1.816352e-007
1.862087136662822e+006	6.954799e-007	1.754191e-007
1.905460717963201e+006	6.861955e-007	1.693577e-007
1.949844599757998e+006	6.768576e-007	1.634512e-007
1.995262314968831e+006	6.674759e-007	1.576996e-007
2.041737944669479e+006	6.580598e-007	1.521024e-007
2.089296130853988e+006	6.486185e-007	1.466592e-007
2.137962089502180e+006	6.391609e-007	1.413689e-007
2.187761623949499e+006	6.296955e-007	1.362304e-007
2.238721138568285e+006	6.202305e-007	1.312423e-007
2.290867652767716e+006	6.107740e-007	1.264030e-007
2.344228815319864e+006	6.013334e-007	1.217107e-007
2.398832919019431e+006	5.919160e-007	1.171633e-007
2.454708915684969e+006	5.825287e-007	1.127587e-007
2.511886431509518e+006	5.731779e-007	1.084946e-007
2.570395782768800e+006	5.638698e-007	1.043685e-007
2.630267991895317e+006	5.546103e-007	1.003778e-007
2.691534803926849e+006	5.454048e-007	9.651978e-008
2.754228703338098e+006	5.362582e-007	9.279174e-008
2.818382931264383e+006	5.271754e-007	8.919079e-008
2.884031503126534e+006	5.181609e-007	8.571403e-008
2.951209226666312e+006	5.092186e-007	8.235848e-008
3.019951720401940e+006	5.003523e-007	7.912112e-008
3.090295432513513e+006	4.915655e-007	7.599893e-008
3.162277660168300e+006	4.828614e-007	7.298885e-008
3.235936569296201e+006	4.742429e-007	7.008781e-008
3.311311214825827e+006	4.657124e-007	6.729274e-008
3.388441561391939e+006	4.572726e-007	6.460060e-008
3.467368504525228e+006	4.489254e-007	6.200833e-008
3.548133892335665e+006	4.406728e-007	5.951292e-008
3.630780547700921e+006	4.325164e-007	5.711139e-008
3.715352290971631e+006	4.244579e-007	5.480078e-008
3.801893963205515e+006	4.164985e-007	5.257816e-008
3.890451449942707e+006	4.086394e-007	5.044068e-008
3.981071705534871e+006	4.008815e-007	4.838550e-008
4.073802778041023e+006	3.932259e-007	4.640986e-008
4.168693834703247e+006	3.856732e-007	4.451104e-008
4.265795188015817e+006	3.782240e-007	4.268639e-008
4.365158322401547e+006	3.708790e-007	4.093329e-008
4.466835921509516e+006	3.636385e-007	3.924923e-008
4.570881896148631e+006	3.565029e-007	3.763171e-008
4.677351412871860e+006	3.494724e-007	3.607834e-008
4.786300923226259e+006	3.425474e-007	3.458676e-008
4.897788193684334e+006	3.357280e-007	3.315469e-008
5.011872336272592e+006	3.290142e-007	3.177992e-008
5.128613839913514e+006	3.224062e-007	3.046031e-008
5.248074602497589e+006	3.159039e-007	2.919376e-008
5.370317963702387e+006	3.095074e-007	2.797826e-008
5.495408738576102e+006	3.032166e-007	2.681186e-008
5.623413251903344e+006	2.970313e-007	2.569266e-008
5.754399373371419e+006	2.909516e-007	2.461884e-008
5.888436553555735e+006	2.849771e-007	2.358864e-008
6.025595860743419e+006	2.791078e-007	2.260035e-008
6.165950018614660e+006	2.733434e-007	2.165234e-008
6.309573444801766e+006	2.676837e-007	2.074300e-008
6.456542290346385e+006	2.621284e-007	1.987082e-008
6.606934480075786e+006	2.566771e-007	1.903433e-008
6.760829753919640e+006	2.513297e-007	1.823211e-008
6.918309709189182e+006	2.460856e-007	1.746278e-008
7.079457843841192e+006	2.409445e-007	1.672506e-008
7.244359600749710e+006	2.359058e-007	1.601766e-008
7.413102413008980e+006	2.309692e-007	1.533937e-008
7.585775750291637e+006	2.261340e-007	1.468903e-008
7.762471166286712e+006	2.213998e-007	1.406552e-008
7.943282347242604e+006	2.167658e-007	1.346775e-008
8.128305161640776e+006	2.122313e-007	1.289469e-008
8.317637711026489e+006	2.077958e-007	1.234535e-008
8.511380382023538e+006	2.034583e-007	1.181876e-008
8.709635899560574e+006	1.992181e-007	1.131401e-008
8.912509381337218e+006	1.950744e-007	1.083023e-008
9.120108393558854e+006	1.910262e-007	1.036655e-008
9.332543007969661e+006	1.870726e-007	9.922166e-009
9.549925860214103e+006	1.832125e-007	9.496302e-009
9.772372209557844e+006	1.794450e-007	9.088204e-009
9.999999999999732e+006	1.757690e-007	8.697153e-009
1.023292992280727e+007	1.721833e-007	8.322457e-009
1.047128548050872e+007	1.686868e-007	7.963453e-009
1.071519305237578e+007	1.652783e-007	7.619504e-009
1.096478196143156e+007	1.619565e-007	7.289997e-009
1.122018454301933e+007	1.587202e-007	6.974346e-009
1.148153621496852e+007	1.555681e-007	6.671985e-009
1.174897554939498e+007	1.524990e-007	6.382373e-009
1.202264434617380e+007	1.495113e-007	6.104990e-009
1.230268770812348e+007	1.466038e-007	5.839336e-009
1.258925411794133e+007	1.437751e-007	5.584931e-009
1.288249551693099e+007	1.410237e-007	5.341315e-009
1.318256738556371e+007	1.383483e-007	5.108046e-009
1.348962882591617e+007	1.357475e-007	4.884698e-009
1.380384264602847e+007	1.332197e-007	4.670862e-009
1.412537544622716e+007	1.307636e-007	4.466148e-009
1.445439770745888e+007	1.283777e-007	4.270179e-009
1.479108388168167e+007	1.260606e-007	4.082593e-009
1.513561248436167e+007	1.238107e-007	3.903044e-009
1.548816618912439e+007	1.216267e-007	3.731197e-009
1.584893192461070e+007	1.195070e-007	3.566734e-009
1.621810097358885e+007	1.174504e-007	3.409346e-009
1.659586907437515e+007	1.154552e-007	3.258739e-009
1.698243652461698e+007	1.135201e-007	3.114629e-009
1.737800828749327e+007	1.116437e-007	2.976745e-009
1.778279410038874e+007	1.098245e-007	2.844825e-009
1.819700858609933e+007	1.080612e-007	2.718620e-009
1.862087136662816e+007	1.063523e-007	2.597887e-009
1.905460717963195e+007	1.046965e-007	2.482398e-009
1.949844599757991e+007	1.030925e-007	2.371930e-009
1.995262314968824e+007	1.015388e-007	2.266270e-009
2.041737944669473e+007	1.000341e-007	2.165215e-009
2.089296130853982e+007	9.857717e-008	2.068570e-009
2.137962089502173e+007	9.716664e-008	1.976146e-009
2.187761623949492e+007	9.580124e-008	1.887764e-009
2.238721138568277e+007	9.447970e-008	1.803251e-009
2.290867652767709e+007	9.320075e-008	1.722442e-009
2.344228815319857e+007	9.196317e-008	1.645178e-009
2.398832919019423e+007	9.076573e-008	1.571307e-009
2.454708915684962e+007	8.960722e-008	1.500682e-009
2.511886431509510e+007	8.848645e-008	1.433165e-009
2.570395782768792e+007	8.740226e-008	1.368621e-009
2.630267991895308e+007	8.635348e-008	1.306922e-009
2.691534803926840e+007	8.533898e-008	1.247946e-009
2.754228703338089e+007	8.435764e-008	1.191573e-009
2.818382931264374e+007	8.340835e-008	1.137691e-009
2.884031503126525e+007	8.249003e-008	1.086192e-009
2.951209226666303e+007	8.160161e-008	1.036973e-009
3.019951720401931e+007	8.074203e-008	9.899336e-010
3.090295432513503e+007	7.991024e-008	9.449795e-010
3.162277660168290e+007	7.910524e-008	9.020198e-010
3.235936569296191e+007	7.832602e-008	8.609671e-010
3.311311214825817e+007	7.757158e-008	8.217382e-010
3.388441561391930e+007	7.684097e-008	7.842532e-010
3.467368504525218e+007	7.613321e-008	7.484357e-010
3.548133892335654e+007	7.544738e-008	7.142126e-010
3.630780547700910e+007	7.478255e-008	6.815140e-010
3.715352290971620e+007	7.413780e-008	6.502729e-010
3.801893963205504e+007	7.351226e-008	6.204252e-010
3.890451449942695e+007	7.290504e-008	5.919096e-010
3.981071705534859e+007	7.231528e-008	5.646674e-010
4.073802778041011e+007	7.174214e-008	5.386426e-010
4.168693834703235e+007	7.118478e-008	5.137816e-010
4.265795188015805e+007	7.064239e-008	4.900329e-010
4.365158322401536e+007	7.011418e-008	4.673475e-010
4.466835921509504e+007	6.959934e-008	4.456785e-010
4.570881896148621e+007	6.909713e-008	4.249809e-010
4.677351412871849e+007	6.860677e-008	4.052119e-010
4.786300923226247e+007	6.812753e-008	3.863303e-010
4.897788193684322e+007	6.765869e-008	3.682969e-010
5.011872336272580e+007	6.719952e-008	3.510743e-010
5.128613839913502e+007	6.674932e-008	3.346265e-010
5.248074602497576e+007	6.630742e-008	3.189192e-010
5.370317963702374e+007	6.587315e-008	3.039197e-010
5.495408738576088e+007	6.544584e-008	2.895965e-010
5.623413251903330e+007	6.502486e-008	2.759199e-010
5.754399373371404e+007	6.460957e-008	2.628611e-010
5.888436553555721e+007	6.419936e-008	2.503927e-010
6.025595860743405e+007	6.379364e-008	2.384887e-010
6.165950018614645e+007	6.339181e-008	2.271240e-010
6.309573444801751e+007	6.299331e-008	2.162748e-010
6.456542290346369e+007	6.259757e-008	2.059182e-010
6.606934480075770e+007	6.220406e-008	1.960324e-010
6.760829753919622e+007	6.181224e-008	1.865966e-010
6.918309709189165e+007	6.142161e-008	1.775908e-010
7.079457843841174e+007	6.103167e-008	1.689960e-010
7.244359600749691e+007	6.064193e-008	1.607941e-010
7.413102413008960e+007	6.025193e-008	1.529676e-010
7.585775750291617e+007	5.986122e-008	1.455000e-010
7.762471166286692e+007	5.946938e-008	1.383753e-010
7.943282347242585e+007	5.907597e-008	1.315784e-010
8.128305161640757e+007	5.868061e-008	1.250949e-010
8.317637711026469e+007	5.828292e-008	1.189108e-010
8.511380382023518e+007	5.788253e-008	1.130129e-010
8.709635899560553e+007	5.747911e-008	1.073887e-010
8.912509381337196e+007	5.707233e-008	1.020259e-010
9.120108393558832e+007	5.666190e-008	9.691303e-011
9.332543007969639e+007	5.624753e-008	9.203906e-011
9.549925860214081e+007	5.582895e-008	8.739341e-011
9.772372209557822e+007	5.540594e-008	8.296600e-011
1.000000000000000e+008	5.497828e-008	7.874715e-011
