frequency,V(onoise),V(r1)
1.000000000000000e-001,8.110442e-007,8.142654e-008
1.023292992280754e-001,8.018780e-007,8.142654e-008
1.047128548050900e-001,7.928180e-007,8.142654e-008
1.071519305237607e-001,7.838631e-007,8.142654e-008
1.096478196143185e-001,7.750122e-007,8.142654e-008
1.122018454301964e-001,7.662638e-007,8.142654e-008
1.148153621496883e-001,7.576170e-007,8.142654e-008
1.174897554939530e-001,7.490707e-007,8.142654e-008
1.202264434617413e-001,7.406236e-007,8.142654e-008
1.230268770812382e-001,7.322747e-007,8.142654e-008
1.258925411794167e-001,7.240228e-007,8.142654e-008
1.288249551693134e-001,7.158667e-007,8.142654e-008
1.318256738556407e-001,7.078057e-007,8.142654e-008
1.348962882591653e-001,6.998384e-007,8.142654e-008
1.380384264602884e-001,6.919638e-007,8.142654e-008
1.412537544622754e-001,6.841809e-007,8.142654e-008
1.445439770745927e-001,6.764887e-007,8.142654e-008
1.479108388168207e-001,6.688861e-007,8.142654e-008
1.513561248436207e-001,6.613722e-007,8.142654e-008
1.548816618912480e-001,6.539458e-007,8.142654e-008
1.584893192461112e-001,6.466062e-007,8.142654e-008
1.621810097358929e-001,6.393522e-007,8.142654e-008
1.659586907437559e-001,6.321828e-007,8.142654e-008
1.698243652461743e-001,6.250973e-007,8.142654e-008
1.737800828749374e-001,6.180946e-007,8.142654e-008
1.778279410038921e-001,6.111738e-007,8.142654e-008
1.819700858609982e-001,6.043339e-007,8.142654e-008
1.862087136662866e-001,5.975741e-007,8.142654e-008
1.905460717963245e-001,5.908935e-007,8.142654e-008
1.949844599758043e-001,5.842912e-007,8.142654e-008
1.995262314968878e-001,5.777662e-007,8.142654e-008
2.041737944669527e-001,5.713178e-007,8.142654e-008
2.089296130854037e-001,5.649451e-007,8.142654e-008
2.137962089502230e-001,5.586472e-007,8.142654e-008
2.187761623949550e-001,5.524233e-007,8.142654e-008
2.238721138568337e-001,5.462725e-007,8.142654e-008
2.290867652767770e-001,5.401942e-007,8.142654e-008
2.344228815319919e-001,5.341873e-007,8.142654e-008
2.398832919019487e-001,5.282512e-007,8.142654e-008
2.454708915685027e-001,5.223851e-007,8.142654e-008
2.511886431509577e-001,5.165881e-007,8.142654e-008
2.570395782768861e-001,5.108595e-007,8.142654e-008
2.630267991895379e-001,5.051987e-007,8.142654e-008
2.691534803926912e-001,4.996047e-007,8.142654e-008
2.754228703338163e-001,4.940768e-007,8.142654e-008
2.818382931264450e-001,4.886143e-007,8.142654e-008
2.884031503126602e-001,4.832166e-007,8.142654e-008
2.951209226666382e-001,4.778828e-007,8.142654e-008
3.019951720402012e-001,4.726122e-007,8.142654e-008
3.090295432513586e-001,4.674042e-007,8.142654e-008
3.162277660168375e-001,4.622582e-007,8.142654e-008
3.235936569296278e-001,4.571732e-007,8.142654e-008
3.311311214825907e-001,4.521488e-007,8.142654e-008
3.388441561392021e-001,4.471842e-007,8.142654e-008
3.467368504525312e-001,4.422787e-007,8.142654e-008
3.548133892335750e-001,4.374319e-007,8.142654e-008
3.630780547701009e-001,4.326428e-007,8.142654e-008
3.715352290971720e-001,4.279110e-007,8.142654e-008
3.801893963205607e-001,4.232358e-007,8.142654e-008
3.890451449942800e-001,4.186166e-007,8.142654e-008
3.981071705534967e-001,4.140527e-007,8.142654e-008
4.073802778041121e-001,4.095436e-007,8.142654e-008
4.168693834703348e-001,4.050887e-007,8.142654e-008
4.265795188015920e-001,4.006873e-007,8.142654e-008
4.365158322401653e-001,3.963389e-007,8.142654e-008
4.466835921509624e-001,3.920428e-007,8.142654e-008
4.570881896148742e-001,3.877986e-007,8.142654e-008
4.677351412871974e-001,3.836056e-007,8.142654e-008
4.786300923226375e-001,3.794633e-007,8.142654e-008
4.897788193684454e-001,3.753712e-007,8.142654e-008
5.011872336272715e-001,3.713286e-007,8.142654e-008
5.128613839913641e-001,3.673350e-007,8.142654e-008
5.248074602497718e-001,3.633900e-007,8.142654e-008
5.370317963702519e-001,3.594930e-007,8.142654e-008
5.495408738576236e-001,3.556434e-007,8.142654e-008
5.623413251903481e-001,3.518407e-007,8.142654e-008
5.754399373371559e-001,3.480845e-007,8.142654e-008
5.888436553555879e-001,3.443742e-007,8.142654e-008
6.025595860743567e-001,3.407093e-007,8.142654e-008
6.165950018614811e-001,3.370893e-007,8.142654e-008
6.309573444801921e-001,3.335138e-007,8.142654e-008
6.456542290346544e-001,3.299822e-007,8.142654e-008
6.606934480075949e-001,3.264942e-007,8.142654e-008
6.760829753919806e-001,3.230491e-007,8.142654e-008
6.918309709189353e-001,3.196466e-007,8.142654e-008
7.079457843841367e-001,3.162862e-007,8.142654e-008
7.244359600749888e-001,3.129674e-007,8.142654e-008
7.413102413009162e-001,3.096898e-007,8.142654e-008
7.585775750291823e-001,3.064529e-007,8.142654e-008
7.762471166286903e-001,3.032564e-007,8.142654e-008
7.943282347242799e-001,3.000997e-007,8.142654e-008
8.128305161640976e-001,2.969825e-007,8.142654e-008
8.317637711026693e-001,2.939042e-007,8.142654e-008
8.511380382023747e-001,2.908646e-007,8.142654e-008
8.709635899560788e-001,2.878632e-007,8.142654e-008
8.912509381337437e-001,2.848995e-007,8.142654e-008
9.120108393559078e-001,2.819732e-007,8.142654e-008
9.332543007969890e-001,2.790839e-007,8.142654e-008
9.549925860214339e-001,2.762311e-007,8.142654e-008
9.772372209558086e-001,2.734145e-007,8.142654e-008
9.999999999999978e-001,2.706337e-007,8.142654e-008
1.023292992280752e+000,2.678884e-007,8.142654e-008
1.047128548050897e+000,2.651780e-007,8.142654e-008
1.071519305237604e+000,2.625024e-007,8.142654e-008
1.096478196143182e+000,2.598610e-007,8.142654e-008
1.122018454301961e+000,2.572535e-007,8.142654e-008
1.148153621496880e+000,2.546796e-007,8.142654e-008
1.174897554939527e+000,2.521389e-007,8.142654e-008
1.202264434617410e+000,2.496311e-007,8.142654e-008
1.230268770812378e+000,2.471558e-007,8.142654e-008
1.258925411794164e+000,2.447126e-007,8.142654e-008
1.288249551693131e+000,2.423012e-007,8.142654e-008
1.318256738556404e+000,2.399213e-007,8.142654e-008
1.348962882591650e+000,2.375726e-007,8.142654e-008
1.380384264602881e+000,2.352546e-007,8.142654e-008
1.412537544622750e+000,2.329672e-007,8.142654e-008
1.445439770745923e+000,2.307099e-007,8.142654e-008
1.479108388168203e+000,2.284824e-007,8.142654e-008
1.513561248436204e+000,2.262845e-007,8.142654e-008
1.548816618912477e+000,2.241157e-007,8.142654e-008
1.584893192461109e+000,2.219759e-007,8.142654e-008
1.621810097358925e+000,2.198646e-007,8.142654e-008
1.659586907437555e+000,2.177817e-007,8.142654e-008
1.698243652461739e+000,2.157267e-007,8.142654e-008
1.737800828749370e+000,2.136994e-007,8.142654e-008
1.778279410038917e+000,2.116995e-007,8.142654e-008
1.819700858609977e+000,2.097267e-007,8.142654e-008
1.862087136662861e+000,2.077807e-007,8.142654e-008
1.905460717963241e+000,2.058613e-007,8.142654e-008
1.949844599758039e+000,2.039680e-007,8.142654e-008
1.995262314968873e+000,2.021008e-007,8.142654e-008
2.041737944669523e+000,2.002592e-007,8.142654e-008
2.089296130854033e+000,1.984430e-007,8.142654e-008
2.137962089502225e+000,1.966520e-007,8.142654e-008
2.187761623949545e+000,1.948859e-007,8.142654e-008
2.238721138568332e+000,1.931443e-007,8.142654e-008
2.290867652767766e+000,1.914271e-007,8.142654e-008
2.344228815319914e+000,1.897339e-007,8.142654e-008
2.398832919019482e+000,1.880646e-007,8.142654e-008
2.454708915685022e+000,1.864188e-007,8.142654e-008
2.511886431509572e+000,1.847963e-007,8.142654e-008
2.570395782768855e+000,1.831969e-007,8.142654e-008
2.630267991895373e+000,1.816203e-007,8.142654e-008
2.691534803926906e+000,1.800662e-007,8.142654e-008
2.754228703338157e+000,1.785344e-007,8.142654e-008
2.818382931264444e+000,1.770247e-007,8.142654e-008
2.884031503126595e+000,1.755368e-007,8.142654e-008
2.951209226666375e+000,1.740705e-007,8.142654e-008
3.019951720402005e+000,1.726255e-007,8.142654e-008
3.090295432513579e+000,1.712017e-007,8.142654e-008
3.162277660168367e+000,1.697987e-007,8.142654e-008
3.235936569296270e+000,1.684164e-007,8.142654e-008
3.311311214825898e+000,1.670545e-007,8.142654e-008
3.388441561392012e+000,1.657128e-007,8.142654e-008
3.467368504525302e+000,1.643910e-007,8.142654e-008
3.548133892335740e+000,1.630890e-007,8.142654e-008
3.630780547700999e+000,1.618065e-007,8.142654e-008
3.715352290971711e+000,1.605433e-007,8.142654e-008
3.801893963205597e+000,1.592991e-007,8.142654e-008
3.890451449942790e+000,1.580738e-007,8.142654e-008
3.981071705534956e+000,1.568672e-007,8.142654e-008
4.073802778041110e+000,1.556790e-007,8.142654e-008
4.168693834703337e+000,1.545090e-007,8.142654e-008
4.265795188015909e+000,1.533570e-007,8.142654e-008
4.365158322401642e+000,1.522229e-007,8.142654e-008
4.466835921509612e+000,1.511063e-007,8.142654e-008
4.570881896148731e+000,1.500071e-007,8.142654e-008
4.677351412871962e+000,1.489251e-007,8.142654e-008
4.786300923226363e+000,1.478600e-007,8.142654e-008
4.897788193684440e+000,1.468118e-007,8.142654e-008
5.011872336272701e+000,1.457801e-007,8.142654e-008
5.128613839913625e+000,1.447648e-007,8.142654e-008
5.248074602497702e+000,1.437657e-007,8.142654e-008
5.370317963702503e+000,1.427826e-007,8.142654e-008
5.495408738576220e+000,1.418153e-007,8.142654e-008
5.623413251903465e+000,1.408635e-007,8.142654e-008
5.754399373371542e+000,1.399272e-007,8.142654e-008
5.888436553555861e+000,1.390061e-007,8.142654e-008
6.025595860743549e+000,1.381001e-007,8.142654e-008
6.165950018614792e+000,1.372089e-007,8.142654e-008
6.309573444801902e+000,1.363323e-007,8.142654e-008
6.456542290346524e+000,1.354702e-007,8.142654e-008
6.606934480075928e+000,1.346224e-007,8.142654e-008
6.760829753919785e+000,1.337887e-007,8.142654e-008
6.918309709189331e+000,1.329690e-007,8.142654e-008
7.079457843841344e+000,1.321630e-007,8.142654e-008
7.244359600749864e+000,1.313705e-007,8.142654e-008
7.413102413009137e+000,1.305915e-007,8.142654e-008
7.585775750291798e+000,1.298256e-007,8.142654e-008
7.762471166286877e+000,1.290728e-007,8.142654e-008
7.943282347242774e+000,1.283329e-007,8.142654e-008
8.128305161640951e+000,1.276057e-007,8.142654e-008
8.317637711026666e+000,1.268910e-007,8.142654e-008
8.511380382023720e+000,1.261887e-007,8.142654e-008
8.709635899560761e+000,1.254985e-007,8.142654e-008
8.912509381337408e+000,1.248204e-007,8.142654e-008
9.120108393559049e+000,1.241541e-007,8.142654e-008
9.332543007969861e+000,1.234995e-007,8.142654e-008
9.549925860214309e+000,1.228565e-007,8.142654e-008
9.772372209558055e+000,1.222248e-007,8.142654e-008
9.999999999999947e+000,1.216043e-007,8.142654e-008
1.023292992280749e+001,1.209949e-007,8.142654e-008
1.047128548050894e+001,1.203964e-007,8.142654e-008
1.071519305237601e+001,1.198086e-007,8.142654e-008
1.096478196143179e+001,1.192314e-007,8.142654e-008
1.122018454301957e+001,1.186646e-007,8.142654e-008
1.148153621496876e+001,1.181081e-007,8.142654e-008
1.174897554939523e+001,1.175617e-007,8.142654e-008
1.202264434617406e+001,1.170253e-007,8.142654e-008
1.230268770812375e+001,1.164987e-007,8.142654e-008
1.258925411794160e+001,1.159818e-007,8.142654e-008
1.288249551693127e+001,1.154744e-007,8.142654e-008
1.318256738556400e+001,1.149764e-007,8.142654e-008
1.348962882591646e+001,1.144877e-007,8.142654e-008
1.380384264602877e+001,1.140080e-007,8.142654e-008
1.412537544622746e+001,1.135373e-007,8.142654e-008
1.445439770745919e+001,1.130755e-007,8.142654e-008
1.479108388168199e+001,1.126223e-007,8.142654e-008
1.513561248436199e+001,1.121776e-007,8.142654e-008
1.548816618912472e+001,1.117414e-007,8.142654e-008
1.584893192461104e+001,1.113135e-007,8.142654e-008
1.621810097358920e+001,1.108937e-007,8.142654e-008
1.659586907437550e+001,1.104819e-007,8.142654e-008
1.698243652461734e+001,1.100780e-007,8.142654e-008
1.737800828749365e+001,1.096818e-007,8.142654e-008
1.778279410038912e+001,1.092933e-007,8.142654e-008
1.819700858609972e+001,1.089123e-007,8.142654e-008
1.862087136662855e+001,1.085387e-007,8.142654e-008
1.905460717963235e+001,1.081723e-007,8.142654e-008
1.949844599758032e+001,1.078131e-007,8.142654e-008
1.995262314968866e+001,1.074608e-007,8.142654e-008
2.041737944669515e+001,1.071155e-007,8.142654e-008
2.089296130854025e+001,1.067770e-007,8.142654e-008
2.137962089502218e+001,1.064451e-007,8.142654e-008
2.187761623949537e+001,1.061198e-007,8.142654e-008
2.238721138568324e+001,1.058009e-007,8.142654e-008
2.290867652767757e+001,1.054884e-007,8.142654e-008
2.344228815319906e+001,1.051820e-007,8.142654e-008
2.398832919019474e+001,1.048818e-007,8.142654e-008
2.454708915685013e+001,1.045876e-007,8.142654e-008
2.511886431509563e+001,1.042992e-007,8.142654e-008
2.570395782768846e+001,1.040167e-007,8.142654e-008
2.630267991895363e+001,1.037398e-007,8.142654e-008
2.691534803926897e+001,1.034686e-007,8.142654e-008
2.754228703338147e+001,1.032028e-007,8.142654e-008
2.818382931264434e+001,1.029424e-007,8.142654e-008
2.884031503126585e+001,1.026873e-007,8.142654e-008
2.951209226666364e+001,1.024374e-007,8.142654e-008
3.019951720401994e+001,1.021926e-007,8.142654e-008
3.090295432513568e+001,1.019528e-007,8.142654e-008
3.162277660168356e+001,1.017179e-007,8.142654e-008
3.235936569296258e+001,1.014878e-007,8.142654e-008
3.311311214825886e+001,1.012625e-007,8.142654e-008
3.388441561392000e+001,1.010418e-007,8.142654e-008
3.467368504525290e+001,1.008256e-007,8.142654e-008
3.548133892335728e+001,1.006140e-007,8.142654e-008
3.630780547700986e+001,1.004067e-007,8.142654e-008
3.715352290971697e+001,1.002037e-007,8.142654e-008
3.801893963205583e+001,1.000050e-007,8.142654e-008
3.890451449942776e+001,9.981034e-008,8.142654e-008
3.981071705534941e+001,9.961979e-008,8.142654e-008
4.073802778041095e+001,9.943323e-008,8.142654e-008
4.168693834703321e+001,9.925057e-008,8.142654e-008
4.265795188015893e+001,9.907175e-008,8.142654e-008
4.365158322401625e+001,9.889668e-008,8.142654e-008
4.466835921509595e+001,9.872530e-008,8.142654e-008
4.570881896148713e+001,9.855754e-008,8.142654e-008
4.677351412871944e+001,9.839331e-008,8.142654e-008
4.786300923226344e+001,9.823255e-008,8.142654e-008
4.897788193684422e+001,9.807521e-008,8.142654e-008
5.011872336272682e+001,9.792120e-008,8.142654e-008
5.128613839913606e+001,9.777047e-008,8.142654e-008
5.248074602497682e+001,9.762293e-008,8.142654e-008
5.370317963702482e+001,9.747855e-008,8.142654e-008
5.495408738576199e+001,9.733724e-008,8.142654e-008
5.623413251903443e+001,9.719895e-008,8.142654e-008
5.754399373371521e+001,9.706361e-008,8.142654e-008
5.888436553555840e+001,9.693118e-008,8.142654e-008
6.025595860743526e+001,9.680159e-008,8.142654e-008
6.165950018614769e+001,9.667477e-008,8.142654e-008
6.309573444801878e+001,9.655069e-008,8.142654e-008
6.456542290346499e+001,9.642927e-008,8.142654e-008
6.606934480075903e+001,9.631047e-008,8.142654e-008
6.760829753919759e+001,9.619423e-008,8.142654e-008
6.918309709189305e+001,9.608051e-008,8.142654e-008
7.079457843841317e+001,9.596923e-008,8.142654e-008
7.244359600749837e+001,9.586038e-008,8.142654e-008
7.413102413009111e+001,9.575388e-008,8.142654e-008
7.585775750291771e+001,9.564968e-008,8.142654e-008
7.762471166286849e+001,9.554775e-008,8.142654e-008
7.943282347242744e+001,9.544804e-008,8.142654e-008
8.128305161640920e+001,9.535049e-008,8.142654e-008
8.317637711026636e+001,9.525507e-008,8.142654e-008
8.511380382023688e+001,9.516174e-008,8.142654e-008
8.709635899560728e+001,9.507043e-008,8.142654e-008
8.912509381337374e+001,9.498112e-008,8.142654e-008
9.120108393559013e+001,9.489376e-008,8.142654e-008
9.332543007969824e+001,9.480831e-008,8.142654e-008
9.549925860214270e+001,9.472474e-008,8.142654e-008
9.772372209558016e+001,9.464299e-008,8.142654e-008
9.999999999999906e+001,9.456304e-008,8.142654e-008
1.023292992280745e+002,9.448485e-008,8.142654e-008
1.047128548050890e+002,9.440836e-008,8.142654e-008
1.071519305237596e+002,9.433356e-008,8.142654e-008
1.096478196143175e+002,9.426041e-008,8.142654e-008
1.122018454301953e+002,9.418888e-008,8.142654e-008
1.148153621496872e+002,9.411891e-008,8.142654e-008
1.174897554939518e+002,9.405048e-008,8.142654e-008
1.202264434617402e+002,9.398357e-008,8.142654e-008
1.230268770812370e+002,9.391814e-008,8.142654e-008
1.258925411794155e+002,9.385415e-008,8.142654e-008
1.288249551693122e+002,9.379157e-008,8.142654e-008
1.318256738556394e+002,9.373039e-008,8.142654e-008
1.348962882591640e+002,9.367054e-008,8.142654e-008
1.380384264602871e+002,9.361204e-008,8.142654e-008
1.412537544622740e+002,9.355482e-008,8.142654e-008
1.445439770745913e+002,9.349888e-008,8.142654e-008
1.479108388168193e+002,9.344418e-008,8.142654e-008
1.513561248436193e+002,9.339069e-008,8.142654e-008
1.548816618912466e+002,9.333839e-008,8.142654e-008
1.584893192461097e+002,9.328726e-008,8.142654e-008
1.621810097358913e+002,9.323725e-008,8.142654e-008
1.659586907437543e+002,9.318837e-008,8.142654e-008
1.698243652461727e+002,9.314057e-008,8.142654e-008
1.737800828749357e+002,9.309384e-008,8.142654e-008
1.778279410038904e+002,9.304814e-008,8.142654e-008
1.819700858609964e+002,9.300347e-008,8.142654e-008
1.862087136662848e+002,9.295979e-008,8.142654e-008
1.905460717963227e+002,9.291710e-008,8.142654e-008
1.949844599758025e+002,9.287535e-008,8.142654e-008
1.995262314968859e+002,9.283453e-008,8.142654e-008
2.041737944669508e+002,9.279464e-008,8.142654e-008
2.089296130854017e+002,9.275563e-008,8.142654e-008
2.137962089502209e+002,9.271749e-008,8.142654e-008
2.187761623949529e+002,9.268020e-008,8.142654e-008
2.238721138568316e+002,9.264376e-008,8.142654e-008
2.290867652767749e+002,9.260813e-008,8.142654e-008
2.344228815319897e+002,9.257329e-008,8.142654e-008
2.398832919019465e+002,9.253925e-008,8.142654e-008
2.454708915685004e+002,9.250596e-008,8.142654e-008
2.511886431509553e+002,9.247341e-008,8.142654e-008
2.570395782768836e+002,9.244160e-008,8.142654e-008
2.630267991895354e+002,9.241051e-008,8.142654e-008
2.691534803926887e+002,9.238011e-008,8.142654e-008
2.754228703338137e+002,9.235040e-008,8.142654e-008
2.818382931264423e+002,9.232135e-008,8.142654e-008
2.884031503126574e+002,9.229296e-008,8.142654e-008
2.951209226666354e+002,9.226521e-008,8.142654e-008
3.019951720401983e+002,9.223808e-008,8.142654e-008
3.090295432513557e+002,9.221156e-008,8.142654e-008
3.162277660168345e+002,9.218564e-008,8.142654e-008
3.235936569296247e+002,9.216031e-008,8.142654e-008
3.311311214825875e+002,9.213554e-008,8.142654e-008
3.388441561391988e+002,9.211134e-008,8.142654e-008
3.467368504525278e+002,9.208767e-008,8.142654e-008
3.548133892335715e+002,9.206455e-008,8.142654e-008
3.630780547700973e+002,9.204194e-008,8.142654e-008
3.715352290971684e+002,9.201985e-008,8.142654e-008
3.801893963205569e+002,9.199825e-008,8.142654e-008
3.890451449942762e+002,9.197715e-008,8.142654e-008
3.981071705534927e+002,9.195652e-008,8.142654e-008
4.073802778041081e+002,9.193636e-008,8.142654e-008
4.168693834703306e+002,9.191665e-008,8.142654e-008
4.265795188015877e+002,9.189739e-008,8.142654e-008
4.365158322401609e+002,9.187856e-008,8.142654e-008
4.466835921509579e+002,9.186017e-008,8.142654e-008
4.570881896148697e+002,9.184218e-008,8.142654e-008
4.677351412871927e+002,9.182461e-008,8.142654e-008
4.786300923226327e+002,9.180744e-008,8.142654e-008
4.897788193684405e+002,9.179065e-008,8.142654e-008
5.011872336272664e+002,9.177425e-008,8.142654e-008
5.128613839913588e+002,9.175822e-008,8.142654e-008
5.248074602497665e+002,9.174255e-008,8.142654e-008
5.370317963702464e+002,9.172724e-008,8.142654e-008
5.495408738576181e+002,9.171227e-008,8.142654e-008
5.623413251903425e+002,9.169765e-008,8.142654e-008
5.754399373371501e+002,9.168336e-008,8.142654e-008
5.888436553555820e+002,9.166939e-008,8.142654e-008
6.025595860743506e+002,9.165575e-008,8.142654e-008
6.165950018614748e+002,9.164241e-008,8.142654e-008
6.309573444801856e+002,9.162938e-008,8.142654e-008
6.456542290346476e+002,9.161665e-008,8.142654e-008
6.606934480075879e+002,9.160420e-008,8.142654e-008
6.760829753919735e+002,9.159204e-008,8.142654e-008
6.918309709189280e+002,9.158016e-008,8.142654e-008
7.079457843841292e+002,9.156855e-008,8.142654e-008
7.244359600749812e+002,9.155720e-008,8.142654e-008
7.413102413009084e+002,9.154612e-008,8.142654e-008
7.585775750291745e+002,9.153529e-008,8.142654e-008
7.762471166286822e+002,9.152471e-008,8.142654e-008
7.943282347242717e+002,9.151437e-008,8.142654e-008
8.128305161640892e+002,9.150427e-008,8.142654e-008
8.317637711026607e+002,9.149440e-008,8.142654e-008
8.511380382023659e+002,9.148476e-008,8.142654e-008
8.709635899560698e+002,9.147534e-008,8.142654e-008
8.912509381337344e+002,9.146613e-008,8.142654e-008
9.120108393558983e+002,9.145714e-008,8.142654e-008
9.332543007969792e+002,9.144836e-008,8.142654e-008
9.549925860214238e+002,9.143977e-008,8.142654e-008
9.772372209557982e+002,9.143139e-008,8.142654e-008
9.999999999999872e+002,9.142320e-008,8.142653e-008
1.023292992280741e+003,9.141520e-008,8.142653e-008
1.047128548050886e+003,9.140739e-008,8.142653e-008
1.071519305237592e+003,9.139976e-008,8.142653e-008
1.096478196143171e+003,9.139231e-008,8.142653e-008
1.122018454301949e+003,9.138503e-008,8.142653e-008
1.148153621496868e+003,9.137792e-008,8.142653e-008
1.174897554939514e+003,9.137098e-008,8.142653e-008
1.202264434617397e+003,9.136419e-008,8.142653e-008
1.230268770812365e+003,9.135757e-008,8.142653e-008
1.258925411794151e+003,9.135110e-008,8.142653e-008
1.288249551693117e+003,9.134479e-008,8.142653e-008
1.318256738556389e+003,9.133863e-008,8.142653e-008
1.348962882591635e+003,9.133261e-008,8.142653e-008
1.380384264602866e+003,9.132673e-008,8.142653e-008
1.412537544622735e+003,9.132100e-008,8.142653e-008
1.445439770745908e+003,9.131540e-008,8.142653e-008
1.479108388168187e+003,9.130993e-008,8.142653e-008
1.513561248436188e+003,9.130459e-008,8.142653e-008
1.548816618912460e+003,9.129938e-008,8.142653e-008
1.584893192461092e+003,9.129430e-008,8.142653e-008
1.621810097358908e+003,9.128934e-008,8.142653e-008
1.659586907437538e+003,9.128451e-008,8.142653e-008
1.698243652461721e+003,9.127979e-008,8.142653e-008
1.737800828749352e+003,9.127518e-008,8.142653e-008
1.778279410038899e+003,9.127069e-008,8.142653e-008
1.819700858609959e+003,9.126630e-008,8.142653e-008
1.862087136662842e+003,9.126203e-008,8.142653e-008
1.905460717963221e+003,9.125786e-008,8.142653e-008
1.949844599758018e+003,9.125380e-008,8.142653e-008
1.995262314968852e+003,9.124984e-008,8.142653e-008
2.041737944669501e+003,9.124597e-008,8.142653e-008
2.089296130854011e+003,9.124221e-008,8.142653e-008
2.137962089502203e+003,9.123854e-008,8.142653e-008
2.187761623949522e+003,9.123497e-008,8.142653e-008
2.238721138568309e+003,9.123148e-008,8.142653e-008
2.290867652767741e+003,9.122810e-008,8.142653e-008
2.344228815319890e+003,9.122479e-008,8.142653e-008
2.398832919019457e+003,9.122157e-008,8.142653e-008
2.454708915684996e+003,9.121845e-008,8.142653e-008
2.511886431509545e+003,9.121541e-008,8.142653e-008
2.570395782768828e+003,9.121244e-008,8.142653e-008
2.630267991895345e+003,9.120956e-008,8.142653e-008
2.691534803926878e+003,9.120676e-008,8.142653e-008
2.754228703338128e+003,9.120404e-008,8.142652e-008
2.818382931264414e+003,9.120139e-008,8.142652e-008
2.884031503126565e+003,9.119882e-008,8.142652e-008
2.951209226666344e+003,9.119633e-008,8.142652e-008
3.019951720401973e+003,9.119390e-008,8.142652e-008
3.090295432513546e+003,9.119155e-008,8.142652e-008
3.162277660168334e+003,9.118928e-008,8.142652e-008
3.235936569296236e+003,9.118707e-008,8.142652e-008
3.311311214825863e+003,9.118493e-008,8.142651e-008
3.388441561391976e+003,9.118286e-008,8.142651e-008
3.467368504525266e+003,9.118086e-008,8.142651e-008
3.548133892335703e+003,9.117892e-008,8.142651e-008
3.630780547700960e+003,9.117705e-008,8.142651e-008
3.715352290971671e+003,9.117525e-008,8.142651e-008
3.801893963205556e+003,9.117350e-008,8.142651e-008
3.890451449942748e+003,9.117183e-008,8.142651e-008
3.981071705534913e+003,9.117021e-008,8.142651e-008
4.073802778041067e+003,9.116867e-008,8.142651e-008
4.168693834703292e+003,9.116717e-008,8.142650e-008
4.265795188015863e+003,9.116575e-008,8.142650e-008
4.365158322401594e+003,9.116438e-008,8.142650e-008
4.466835921509563e+003,9.116307e-008,8.142650e-008
4.570881896148680e+003,9.116182e-008,8.142649e-008
4.677351412871911e+003,9.116064e-008,8.142649e-008
4.786300923226310e+003,9.115951e-008,8.142649e-008
4.897788193684387e+003,9.115845e-008,8.142649e-008
5.011872336272646e+003,9.115744e-008,8.142649e-008
5.128613839913570e+003,9.115649e-008,8.142649e-008
5.248074602497645e+003,9.115561e-008,8.142648e-008
5.370317963702444e+003,9.115477e-008,8.142648e-008
5.495408738576160e+003,9.115400e-008,8.142648e-008
5.623413251903404e+003,9.115329e-008,8.142647e-008
5.754399373371480e+003,9.115264e-008,8.142647e-008
5.888436553555798e+003,9.115205e-008,8.142646e-008
6.025595860743483e+003,9.115151e-008,8.142646e-008
6.165950018614725e+003,9.115104e-008,8.142646e-008
6.309573444801834e+003,9.115063e-008,8.142646e-008
6.456542290346454e+003,9.115028e-008,8.142645e-008
6.606934480075856e+003,9.115000e-008,8.142644e-008
6.760829753919711e+003,9.114977e-008,8.142644e-008
6.918309709189256e+003,9.114962e-008,8.142644e-008
7.079457843841267e+003,9.114952e-008,8.142643e-008
7.244359600749786e+003,9.114948e-008,8.142643e-008
7.413102413009058e+003,9.114952e-008,8.142642e-008
7.585775750291718e+003,9.114962e-008,8.142641e-008
7.762471166286794e+003,9.114978e-008,8.142641e-008
7.943282347242689e+003,9.115001e-008,8.142641e-008
8.128305161640863e+003,9.115032e-008,8.142640e-008
8.317637711026577e+003,9.115070e-008,8.142639e-008
8.511380382023628e+003,9.115115e-008,8.142639e-008
8.709635899560666e+003,9.115167e-008,8.142638e-008
8.912509381337311e+003,9.115227e-008,8.142637e-008
9.120108393558950e+003,9.115295e-008,8.142636e-008
9.332543007969760e+003,9.115370e-008,8.142635e-008
9.549925860214205e+003,9.115454e-008,8.142634e-008
9.772372209557949e+003,9.115546e-008,8.142634e-008
9.999999999999838e+003,9.115647e-008,8.142632e-008
1.023292992280738e+004,9.115756e-008,8.142631e-008
1.047128548050883e+004,9.115875e-008,8.142630e-008
1.071519305237589e+004,9.116002e-008,8.142629e-008
1.096478196143167e+004,9.116139e-008,8.142628e-008
1.122018454301945e+004,9.116286e-008,8.142626e-008
1.148153621496864e+004,9.116442e-008,8.142625e-008
1.174897554939510e+004,9.116610e-008,8.142624e-008
1.202264434617393e+004,9.116788e-008,8.142623e-008
1.230268770812361e+004,9.116977e-008,8.142622e-008
1.258925411794147e+004,9.117178e-008,8.142619e-008
1.288249551693113e+004,9.117390e-008,8.142618e-008
1.318256738556385e+004,9.117614e-008,8.142617e-008
1.348962882591631e+004,9.117851e-008,8.142614e-008
1.380384264602862e+004,9.118101e-008,8.142613e-008
1.412537544622731e+004,9.118365e-008,8.142611e-008
1.445439770745904e+004,9.118643e-008,8.142609e-008
1.479108388168183e+004,9.118936e-008,8.142607e-008
1.513561248436183e+004,9.119243e-008,8.142604e-008
1.548816618912456e+004,9.119566e-008,8.142602e-008
1.584893192461087e+004,9.119905e-008,8.142599e-008
1.621810097358903e+004,9.120261e-008,8.142597e-008
1.659586907437533e+004,9.120634e-008,8.142595e-008
1.698243652461716e+004,9.121025e-008,8.142592e-008
1.737800828749346e+004,9.121435e-008,8.142588e-008
1.778279410038893e+004,9.121865e-008,8.142585e-008
1.819700858609953e+004,9.122315e-008,8.142582e-008
1.862087136662836e+004,9.122787e-008,8.142579e-008
1.905460717963215e+004,9.123280e-008,8.142575e-008
1.949844599758012e+004,9.123796e-008,8.142571e-008
1.995262314968846e+004,9.124336e-008,8.142568e-008
2.041737944669495e+004,9.124900e-008,8.142563e-008
2.089296130854004e+004,9.125490e-008,8.142559e-008
2.137962089502196e+004,9.126108e-008,8.142555e-008
2.187761623949515e+004,9.126752e-008,8.142550e-008
2.238721138568302e+004,9.127427e-008,8.142545e-008
2.290867652767734e+004,9.128131e-008,8.142540e-008
2.344228815319882e+004,9.128868e-008,8.142534e-008
2.398832919019449e+004,9.129636e-008,8.142528e-008
2.454708915684988e+004,9.130440e-008,8.142523e-008
2.511886431509537e+004,9.131279e-008,8.142516e-008
2.570395782768820e+004,9.132155e-008,8.142510e-008
2.630267991895336e+004,9.133070e-008,8.142504e-008
2.691534803926869e+004,9.134026e-008,8.142496e-008
2.754228703338119e+004,9.135024e-008,8.142489e-008
2.818382931264405e+004,9.136067e-008,8.142481e-008
2.884031503126556e+004,9.137155e-008,8.142473e-008
2.951209226666335e+004,9.138292e-008,8.142464e-008
3.019951720401964e+004,9.139477e-008,8.142455e-008
3.090295432513537e+004,9.140717e-008,8.142446e-008
3.162277660168324e+004,9.142010e-008,8.142436e-008
3.235936569296226e+004,9.143360e-008,8.142425e-008
3.311311214825853e+004,9.144770e-008,8.142415e-008
3.388441561391966e+004,9.146241e-008,8.142403e-008
3.467368504525255e+004,9.147777e-008,8.142392e-008
3.548133892335692e+004,9.149382e-008,8.142379e-008
3.630780547700949e+004,9.151056e-008,8.142366e-008
3.715352290971659e+004,9.152804e-008,8.142353e-008
3.801893963205544e+004,9.154630e-008,8.142339e-008
3.890451449942737e+004,9.156535e-008,8.142324e-008
3.981071705534901e+004,9.158525e-008,8.142308e-008
4.073802778041054e+004,9.160603e-008,8.142292e-008
4.168693834703279e+004,9.162771e-008,8.142275e-008
4.265795188015849e+004,9.165036e-008,8.142257e-008
4.365158322401581e+004,9.167400e-008,8.142238e-008
4.466835921509550e+004,9.169869e-008,8.142219e-008
4.570881896148667e+004,9.172447e-008,8.142198e-008
4.677351412871897e+004,9.175138e-008,8.142176e-008
4.786300923226296e+004,9.177949e-008,8.142154e-008
4.897788193684373e+004,9.180884e-008,8.142130e-008
5.011872336272631e+004,9.183948e-008,8.142106e-008
5.128613839913555e+004,9.187148e-008,8.142079e-008
5.248074602497630e+004,9.190489e-008,8.142052e-008
5.370317963702428e+004,9.193979e-008,8.142024e-008
5.495408738576144e+004,9.197623e-008,8.141994e-008
5.623413251903386e+004,9.201429e-008,8.141963e-008
5.754399373371462e+004,9.205403e-008,8.141931e-008
5.888436553555779e+004,9.209553e-008,8.141896e-008
6.025595860743464e+004,9.213888e-008,8.141861e-008
6.165950018614706e+004,9.218415e-008,8.141823e-008
6.309573444801814e+004,9.223143e-008,8.141784e-008
6.456542290346434e+004,9.228081e-008,8.141743e-008
6.606934480075835e+004,9.233238e-008,8.141700e-008
6.760829753919689e+004,9.238624e-008,8.141655e-008
6.918309709189233e+004,9.244250e-008,8.141608e-008
7.079457843841244e+004,9.250125e-008,8.141559e-008
7.244359600749762e+004,9.256262e-008,8.141507e-008
7.413102413009033e+004,9.262671e-008,8.141453e-008
7.585775750291692e+004,9.269365e-008,8.141396e-008
7.762471166286769e+004,9.276356e-008,8.141337e-008
7.943282347242662e+004,9.283659e-008,8.141274e-008
8.128305161640835e+004,9.291286e-008,8.141209e-008
8.317637711026549e+004,9.299252e-008,8.141141e-008
8.511380382023599e+004,9.307573e-008,8.141070e-008
8.709635899560637e+004,9.316262e-008,8.140995e-008
8.912509381337282e+004,9.325338e-008,8.140917e-008
9.120108393558920e+004,9.334816e-008,8.140835e-008
9.332543007969728e+004,9.344716e-008,8.140749e-008
9.549925860214172e+004,9.355055e-008,8.140659e-008
9.772372209557916e+004,9.365851e-008,8.140565e-008
9.999999999999804e+004,9.377128e-008,8.140466e-008
1.023292992280734e+005,9.388903e-008,8.140363e-008
1.047128548050879e+005,9.401199e-008,8.140255e-008
1.071519305237585e+005,9.414040e-008,8.140142e-008
1.096478196143163e+005,9.427448e-008,8.140024e-008
1.122018454301941e+005,9.441450e-008,8.139900e-008
1.148153621496860e+005,9.456068e-008,8.139770e-008
1.174897554939506e+005,9.471331e-008,8.139634e-008
1.202264434617389e+005,9.487267e-008,8.139492e-008
1.230268770812357e+005,9.503903e-008,8.139343e-008
1.258925411794142e+005,9.521271e-008,8.139187e-008
1.288249551693108e+005,9.539400e-008,8.139023e-008
1.318256738556380e+005,9.558325e-008,8.138852e-008
1.348962882591626e+005,9.578077e-008,8.138673e-008
1.380384264602857e+005,9.598692e-008,8.138485e-008
1.412537544622725e+005,9.620206e-008,8.138289e-008
1.445439770745898e+005,9.642658e-008,8.138083e-008
1.479108388168177e+005,9.666086e-008,8.137868e-008
1.513561248436177e+005,9.690529e-008,8.137642e-008
1.548816618912449e+005,9.716031e-008,8.137406e-008
1.584893192461081e+005,9.742634e-008,8.137159e-008
1.621810097358896e+005,9.770384e-008,8.136900e-008
1.659586907437526e+005,9.799327e-008,8.136629e-008
1.698243652461709e+005,9.829512e-008,8.136345e-008
1.737800828749339e+005,9.860988e-008,8.136048e-008
1.778279410038886e+005,9.893807e-008,8.135736e-008
1.819700858609946e+005,9.928022e-008,8.135410e-008
1.862087136662829e+005,9.963689e-008,8.135069e-008
1.905460717963207e+005,1.000086e-007,8.134712e-008
1.949844599758005e+005,1.003960e-007,8.134338e-008
1.995262314968838e+005,1.007997e-007,8.133946e-008
2.041737944669486e+005,1.012203e-007,8.133536e-008
2.089296130853995e+005,1.016584e-007,8.133107e-008
2.137962089502187e+005,1.021148e-007,8.132657e-008
2.187761623949506e+005,1.025900e-007,8.132186e-008
2.238721138568292e+005,1.030848e-007,8.131693e-008
2.290867652767724e+005,1.035999e-007,8.131177e-008
2.344228815319872e+005,1.041361e-007,8.130636e-008
2.398832919019439e+005,1.046941e-007,8.130070e-008
2.454708915684978e+005,1.052746e-007,8.129478e-008
2.511886431509526e+005,1.058786e-007,8.128858e-008
2.570395782768809e+005,1.065068e-007,8.128207e-008
2.630267991895325e+005,1.071600e-007,8.127527e-008
2.691534803926857e+005,1.078391e-007,8.126815e-008
2.754228703338107e+005,1.085451e-007,8.126070e-008
2.818382931264393e+005,1.092787e-007,8.125289e-008
2.884031503126543e+005,1.100410e-007,8.124472e-008
2.951209226666322e+005,1.108328e-007,8.123617e-008
3.019951720401950e+005,1.116551e-007,8.122721e-008
3.090295432513523e+005,1.125089e-007,8.121783e-008
3.162277660168310e+005,1.133952e-007,8.120801e-008
3.235936569296212e+005,1.143150e-007,8.119773e-008
3.311311214825838e+005,1.152694e-007,8.118696e-008
3.388441561391951e+005,1.162593e-007,8.117569e-008
3.467368504525240e+005,1.172858e-007,8.116389e-008
3.548133892335676e+005,1.183501e-007,8.115154e-008
3.630780547700933e+005,1.194532e-007,8.113861e-008
3.715352290971643e+005,1.205962e-007,8.112507e-008
3.801893963205527e+005,1.217803e-007,8.111090e-008
3.890451449942719e+005,1.230066e-007,8.109606e-008
3.981071705534884e+005,1.242762e-007,8.108053e-008
4.073802778041036e+005,1.255904e-007,8.106426e-008
4.168693834703261e+005,1.269503e-007,8.104724e-008
4.265795188015831e+005,1.283571e-007,8.102942e-008
4.365158322401562e+005,1.298120e-007,8.101077e-008
4.466835921509531e+005,1.313162e-007,8.099124e-008
4.570881896148648e+005,1.328709e-007,8.097080e-008
4.677351412871877e+005,1.344775e-007,8.094940e-008
4.786300923226276e+005,1.361370e-007,8.092700e-008
4.897788193684352e+005,1.378509e-007,8.090355e-008
5.011872336272610e+005,1.396203e-007,8.087902e-008
5.128613839913533e+005,1.414465e-007,8.085333e-008
5.248074602497608e+005,1.433307e-007,8.082645e-008
5.370317963702406e+005,1.452743e-007,8.079830e-008
5.495408738576121e+005,1.472786e-007,8.076885e-008
5.623413251903363e+005,1.493447e-007,8.073802e-008
5.754399373371438e+005,1.514741e-007,8.070576e-008
5.888436553555755e+005,1.536680e-007,8.067200e-008
6.025595860743440e+005,1.559276e-007,8.063665e-008
6.165950018614681e+005,1.582543e-007,8.059968e-008
6.309573444801788e+005,1.606494e-007,8.056097e-008
6.456542290346407e+005,1.631141e-007,8.052048e-008
6.606934480075808e+005,1.656498e-007,8.047810e-008
6.760829753919662e+005,1.682576e-007,8.043376e-008
6.918309709189205e+005,1.709390e-007,8.038736e-008
7.079457843841215e+005,1.736951e-007,8.033881e-008
7.244359600749733e+005,1.765273e-007,8.028802e-008
7.413102413009004e+005,1.794367e-007,8.023487e-008
7.585775750291662e+005,1.824246e-007,8.017928e-008
7.762471166286737e+005,1.854922e-007,8.012111e-008
7.943282347242631e+005,1.886407e-007,8.006026e-008
8.128305161640804e+005,1.918714e-007,7.999662e-008
8.317637711026516e+005,1.951853e-007,7.993004e-008
8.511380382023566e+005,1.985837e-007,7.986041e-008
8.709635899560602e+005,2.020676e-007,7.978758e-008
8.912509381337245e+005,2.056381e-007,7.971141e-008
9.120108393558882e+005,2.092963e-007,7.963175e-008
9.332543007969690e+005,2.130432e-007,7.954846e-008
9.549925860214133e+005,2.168798e-007,7.946137e-008
9.772372209557875e+005,2.208070e-007,7.937031e-008
9.999999999999763e+005,2.248257e-007,7.927510e-008
1.023292992280730e+006,2.289368e-007,7.917558e-008
1.047128548050875e+006,2.331409e-007,7.907155e-008
1.071519305237581e+006,2.374389e-007,7.896281e-008
1.096478196143159e+006,2.418313e-007,7.884915e-008
1.122018454301937e+006,2.463187e-007,7.873039e-008
1.148153621496855e+006,2.509017e-007,7.860628e-008
1.174897554939502e+006,2.555805e-007,7.847662e-008
1.202264434617384e+006,2.603555e-007,7.834115e-008
1.230268770812352e+006,2.652269e-007,7.819965e-008
1.258925411794137e+006,2.701948e-007,7.805185e-008
1.288249551693103e+006,2.752590e-007,7.789750e-008
1.318256738556376e+006,2.804195e-007,7.773632e-008
1.348962882591621e+006,2.856759e-007,7.756805e-008
1.380384264602852e+006,2.910276e-007,7.739238e-008
1.412537544622720e+006,2.964742e-007,7.720903e-008
1.445439770745893e+006,3.020148e-007,7.701769e-008
1.479108388168172e+006,3.076483e-007,7.681804e-008
1.513561248436171e+006,3.133736e-007,7.660977e-008
1.548816618912444e+006,3.191892e-007,7.639253e-008
1.584893192461075e+006,3.250935e-007,7.616600e-008
1.621810097358890e+006,3.310847e-007,7.592980e-008
1.659586907437520e+006,3.371607e-007,7.568361e-008
1.698243652461703e+006,3.433189e-007,7.542703e-008
1.737800828749333e+006,3.495567e-007,7.515970e-008
1.778279410038879e+006,3.558712e-007,7.488125e-008
1.819700858609939e+006,3.622591e-007,7.459127e-008
1.862087136662822e+006,3.687167e-007,7.428938e-008
1.905460717963201e+006,3.752401e-007,7.397519e-008
1.949844599757998e+006,3.818250e-007,7.364828e-008
1.995262314968831e+006,3.884666e-007,7.330825e-008
2.041737944669479e+006,3.951599e-007,7.295470e-008
2.089296130853988e+006,4.018994e-007,7.258721e-008
2.137962089502180e+006,4.086792e-007,7.220537e-008
2.187761623949499e+006,4.154930e-007,7.180878e-008
2.238721138568285e+006,4.223340e-007,7.139705e-008
2.290867652767716e+006,4.291950e-007,7.096975e-008
2.344228815319864e+006,4.360684e-007,7.052652e-008
2.398832919019431e+006,4.429460e-007,7.006695e-008
2.454708915684969e+006,4.498193e-007,6.959070e-008
2.511886431509518e+006,4.566792e-007,6.909740e-008
2.570395782768800e+006,4.635162e-007,6.858670e-008
2.630267991895317e+006,4.703203e-007,6.805830e-008
2.691534803926849e+006,4.770812e-007,6.751188e-008
2.754228703338098e+006,4.837879e-007,6.694720e-008
2.818382931264383e+006,4.904292e-007,6.636399e-008
2.884031503126534e+006,4.969934e-007,6.576204e-008
2.951209226666312e+006,5.034685e-007,6.514119e-008
3.019951720401940e+006,5.098420e-007,6.450128e-008
3.090295432513513e+006,5.161012e-007,6.384223e-008
3.162277660168300e+006,5.222332e-007,6.316397e-008
3.235936569296201e+006,5.282246e-007,6.246651e-008
3.311311214825827e+006,5.340622e-007,6.174989e-008
3.388441561391939e+006,5.397323e-007,6.101422e-008
3.467368504525228e+006,5.452213e-007,6.025965e-008
3.548133892335665e+006,5.505158e-007,5.948640e-008
3.630780547700921e+006,5.556020e-007,5.869476e-008
3.715352290971631e+006,5.604666e-007,5.788506e-008
3.801893963205515e+006,5.650963e-007,5.705774e-008
3.890451449942707e+006,5.694784e-007,5.621325e-008
3.981071705534871e+006,5.736002e-007,5.535217e-008
4.073802778041023e+006,5.774497e-007,5.447509e-008
4.168693834703247e+006,5.810152e-007,5.358271e-008
4.265795188015817e+006,5.842859e-007,5.267579e-008
4.365158322401547e+006,5.872515e-007,5.175514e-008
4.466835921509516e+006,5.899025e-007,5.082165e-008
4.570881896148631e+006,5.922302e-007,4.987626e-008
4.677351412871860e+006,5.942270e-007,4.891998e-008
4.786300923226259e+006,5.958861e-007,4.795386e-008
4.897788193684334e+006,5.972017e-007,4.697902e-008
5.011872336272592e+006,5.981692e-007,4.599660e-008
5.128613839913514e+006,5.987849e-007,4.500779e-008
5.248074602497589e+006,5.990466e-007,4.401382e-008
5.370317963702387e+006,5.989531e-007,4.301594e-008
5.495408738576102e+006,5.985041e-007,4.201541e-008
5.623413251903344e+006,5.977008e-007,4.101351e-008
5.754399373371419e+006,5.965455e-007,4.001154e-008
5.888436553555735e+006,5.950416e-007,3.901078e-008
6.025595860743419e+006,5.931937e-007,3.801251e-008
6.165950018614660e+006,5.910073e-007,3.701797e-008
6.309573444801766e+006,5.884891e-007,3.602843e-008
6.456542290346385e+006,5.856468e-007,3.504508e-008
6.606934480075786e+006,5.824887e-007,3.406910e-008
6.760829753919640e+006,5.790245e-007,3.310162e-008
6.918309709189182e+006,5.752640e-007,3.214375e-008
7.079457843841192e+006,5.712184e-007,3.119650e-008
7.244359600749710e+006,5.668990e-007,3.026087e-008
7.413102413008980e+006,5.623177e-007,2.933780e-008
7.585775750291637e+006,5.574872e-007,2.842813e-008
7.762471166286712e+006,5.524201e-007,2.753268e-008
7.943282347242604e+006,5.471298e-007,2.665218e-008
8.128305161640776e+006,5.416294e-007,2.578732e-008
8.317637711026489e+006,5.359326e-007,2.493868e-008
8.511380382023538e+006,5.300528e-007,2.410683e-008
8.709635899560574e+006,5.240036e-007,2.329222e-008
8.912509381337218e+006,5.177985e-007,2.249527e-008
9.120108393558854e+006,5.114509e-007,2.171633e-008
9.332543007969661e+006,5.049739e-007,2.095568e-008
9.549925860214103e+006,4.983804e-007,2.021355e-008
9.772372209557844e+006,4.916832e-007,1.949010e-008
9.999999999999732e+006,4.848947e-007,1.878544e-008
1.023292992280727e+007,4.780267e-007,1.809965e-008
1.047128548050872e+007,4.710909e-007,1.743272e-008
1.071519305237578e+007,4.640986e-007,1.678463e-008
1.096478196143156e+007,4.570605e-007,1.615529e-008
1.122018454301933e+007,4.499871e-007,1.554459e-008
1.148153621496852e+007,4.428881e-007,1.495237e-008
1.174897554939498e+007,4.357731e-007,1.437845e-008
1.202264434617380e+007,4.286511e-007,1.382261e-008
1.230268770812348e+007,4.215304e-007,1.328459e-008
1.258925411794133e+007,4.144193e-007,1.276412e-008
1.288249551693099e+007,4.073252e-007,1.226092e-008
1.318256738556371e+007,4.002553e-007,1.177467e-008
1.348962882591617e+007,3.932162e-007,1.130503e-008
1.380384264602847e+007,3.862142e-007,1.085166e-008
1.412537544622716e+007,3.792551e-007,1.041420e-008
1.445439770745888e+007,3.723443e-007,9.992286e-009
1.479108388168167e+007,3.654868e-007,9.585539e-009
1.513561248436167e+007,3.586871e-007,9.193576e-009
1.548816618912439e+007,3.519496e-007,8.816008e-009
1.584893192461070e+007,3.452779e-007,8.452448e-009
1.621810097358885e+007,3.386758e-007,8.102501e-009
1.659586907437515e+007,3.321462e-007,7.765776e-009
1.698243652461698e+007,3.256923e-007,7.441880e-009
1.737800828749327e+007,3.193164e-007,7.130426e-009
1.778279410038874e+007,3.130210e-007,6.831026e-009
1.819700858609933e+007,3.068079e-007,6.543298e-009
1.862087136662816e+007,3.006791e-007,6.266865e-009
1.905460717963195e+007,2.946360e-007,6.001354e-009
1.949844599757991e+007,2.886799e-007,5.746399e-009
1.995262314968824e+007,2.828120e-007,5.501640e-009
2.041737944669473e+007,2.770331e-007,5.266724e-009
2.089296130853982e+007,2.713439e-007,5.041306e-009
2.137962089502173e+007,2.657451e-007,4.825049e-009
2.187761623949492e+007,2.602368e-007,4.617622e-009
2.238721138568277e+007,2.548196e-007,4.418703e-009
2.290867652767709e+007,2.494932e-007,4.227980e-009
2.344228815319857e+007,2.442578e-007,4.045147e-009
2.398832919019423e+007,2.391133e-007,3.869908e-009
2.454708915684962e+007,2.340592e-007,3.701974e-009
2.511886431509510e+007,2.290952e-007,3.541067e-009
2.570395782768792e+007,2.242209e-007,3.386914e-009
2.630267991895308e+007,2.194357e-007,3.239254e-009
2.691534803926840e+007,2.147390e-007,3.097833e-009
2.754228703338089e+007,2.101301e-007,2.962404e-009
2.818382931264374e+007,2.056082e-007,2.832729e-009
2.884031503126525e+007,2.011725e-007,2.708579e-009
2.951209226666303e+007,1.968221e-007,2.589731e-009
3.019951720401931e+007,1.925561e-007,2.475973e-009
3.090295432513503e+007,1.883735e-007,2.367095e-009
3.162277660168290e+007,1.842733e-007,2.262901e-009
3.235936569296191e+007,1.802545e-007,2.163197e-009
3.311311214825817e+007,1.763160e-007,2.067799e-009
3.388441561391930e+007,1.724567e-007,1.976528e-009
3.467368504525218e+007,1.686754e-007,1.889213e-009
3.548133892335654e+007,1.649712e-007,1.805690e-009
3.630780547700910e+007,1.613427e-007,1.725799e-009
3.715352290971620e+007,1.577889e-007,1.649388e-009
3.801893963205504e+007,1.543085e-007,1.576311e-009
3.890451449942695e+007,1.509005e-007,1.506426e-009
3.981071705534859e+007,1.475636e-007,1.439598e-009
4.073802778041011e+007,1.442966e-007,1.375697e-009
4.168693834703235e+007,1.410983e-007,1.314599e-009
4.265795188015805e+007,1.379676e-007,1.256184e-009
4.365158322401536e+007,1.349033e-007,1.200337e-009
4.466835921509504e+007,1.319042e-007,1.146947e-009
4.570881896148621e+007,1.289691e-007,1.095909e-009
4.677351412871849e+007,1.260968e-007,1.047121e-009
4.786300923226247e+007,1.232863e-007,1.000487e-009
4.897788193684322e+007,1.205363e-007,9.559129e-010
5.011872336272580e+007,1.178457e-007,9.133094e-010
5.128613839913502e+007,1.152134e-007,8.725909e-010
5.248074602497576e+007,1.126383e-007,8.336756e-010
5.370317963702374e+007,1.101192e-007,7.964847e-010
5.495408738576088e+007,1.076551e-007,7.609430e-010
5.623413251903330e+007,1.052448e-007,7.269786e-010
5.754399373371404e+007,1.028874e-007,6.945223e-010
5.888436553555721e+007,1.005818e-007,6.635080e-010
6.025595860743405e+007,9.832682e-008,6.338725e-010
6.165950018614645e+007,9.612159e-008,6.055552e-010
6.309573444801751e+007,9.396506e-008,5.784981e-010
6.456542290346369e+007,9.185622e-008,5.526458e-010
6.606934480075770e+007,8.979411e-008,5.279452e-010
6.760829753919622e+007,8.777775e-008,5.043454e-010
6.918309709189165e+007,8.580621e-008,4.817979e-010
7.079457843841174e+007,8.387855e-008,4.602562e-010
7.244359600749691e+007,8.199385e-008,4.396758e-010
7.413102413008960e+007,8.015122e-008,4.200141e-010
7.585775750291617e+007,7.834976e-008,4.012305e-010
7.762471166286692e+007,7.658863e-008,3.832860e-010
7.943282347242585e+007,7.486695e-008,3.661433e-010
8.128305161640757e+007,7.318388e-008,3.497670e-010
8.317637711026469e+007,7.153862e-008,3.341229e-010
8.511380382023518e+007,6.993034e-008,3.191785e-010
8.709635899560553e+007,6.835826e-008,3.049028e-010
8.912509381337196e+007,6.682160e-008,2.912659e-010
9.120108393558832e+007,6.531960e-008,2.782393e-010
9.332543007969639e+007,6.385151e-008,2.657961e-010
9.549925860214081e+007,6.241660e-008,2.539100e-010
9.772372209557822e+007,6.101414e-008,2.425563e-010
1.000000000000000e+008,5.964344e-008,2.317112e-010
